8.14018607748321	0.000871431508475195	0
8.13194218880968	0.00171224535614697	0
8.10742037381577	0.0695253472469818	0
8.09905707913869	0.173787881925594	0
8.06542649027210	0.243395527361669	0
8.06340376940281	0.325413483816135	0
8.04313346877945	0.203895128251295	0
8.02438991239321	0.171824316129015	0
8.02268211520344	0.372736321740807	0
8.00141205849471	0.275157634084882	0
7.98565283958615	0.225535665116415	0
7.94070425401833	0.440621425657720	0
7.90016841725655	0.877907126908930	0
7.89855407814607	0.673189036194020	0
7.86492445611892	0.244591507048677	0
7.84551429849326	0.0104409478059634	0
7.82857810711059	0.420999174991601	0
7.82217473734243	0.628480211938448	0
7.81829953938779	0.942967421666018	0
7.80477655957538	0.364704481976849	0
7.74487979187941	1.09156380448390	0
7.73920771399865	1.52587516357836	0
7.73791169983286	1.23334753099346	0
7.73077441771735	0.635992966930685	0
7.72532665584708	0.116798082226359	0
7.72340744307983	0.873804828811629	0
7.70316719910623	1.03988033005340	0
7.66865590161131	0.722556054374170	0
7.66527143637566	2.18849760018353	0
7.65572748450415	1.45068588731946	0
7.63742502802998	1.71894178888557	0
7.61856776819725	0.0183787799306910	0
7.59211788158314	0.160289702970079	0
7.58831383757476	1.36524995351206	0
7.57117699722169	2.59612890588316	0
7.56231350750053	0.644770202105432	0
7.55985597148170	1.00066026580538	0
7.53627364521553	0.629149508791174	0
7.53400266266725	1.98577599242072	0
7.52676835369412	0.434689102733126	0
7.48725008676076	1.67523148291820	0
7.47933269133557	2.96184705548957	0
7.44614838378611	2.04896071355676	0
7.44497310796242	2.42557209386211	0
7.39732634112461	1.56863991916243	0
7.39711243305942	1.27998339351258	0
7.38666569339067	1.58338476301783	0
7.38639355405776	1.32233981517376	0
7.37601222407902	2.20006569745271	0
7.37495229253908	2.45469948261836	0
7.36280893270123	0.272861235482346	0
7.26391393284975	3.04000543466491	0
7.22479657356340	3.81909465552889	0
7.21125219108753	1.33149076035646	0
7.18346598107544	3.24889266086264	0
7.17892608442810	3.90968923433445	0
7.16685342613109	1.50133326792805	0
7.13941229914481	0.478888215759006	0
7.12761453027637	2.43458768865532	0
7.11504707631781	1.76075324397483	0
7.07838522448638	3.12208383523997	0
7.06608172676980	4.20530709543763	0
6.99935252987212	3.77904313301886	0
6.99330230883077	0.706021542967145	0
6.98980260976703	3.77007705678469	0
6.98871905888145	4.46373311265164	0
6.97914389936297	2.72798993847719	0
6.97225696735129	1.69129187254158	0
6.96293760954857	0.919407439533260	0
6.94347921724770	1.78623546451521	0
6.92146306633826	3.15247980444923	0
6.82413878005598	3.72118986569236	0
6.73594384133017	1.82983334419870	0
6.66086491329694	2.42737975932246	0
6.64244635793771	2.99408056441127	0
6.64031292444989	1.01054056253936	0
6.60200383818829	4.69080995709535	0
6.56577199851846	2.92241736145889	0
6.56319707654456	0.00112101187789477	0
6.50592337884398	2.68755852121778	0
6.50211158705521	3.22360034626181	0
6.42386383565963	2.85995513207964	0
6.38265282283979	0.605356510311242	0
6.35792885170008	2.26234797946353	0
6.33914178879395	1.63989536087624	0
6.32029763265792	3.30848013784470	0
6.31177641801436	3.00018085715048	0
6.28247975979821	2.59798249645637	0
6.27888808559057	1.53149077850504	0
6.24965966971092	0.219399661056305	0
6.21737652225131	0.182858205021670	0
6.20623982863964	2.89411546446479	0
6.14677100847100	0.185250974871794	0
6.14333887664346	1.94209546491626	0
6.10737832276316	2.22229553187482	0
6.08709719553432	0.461968783598573	0
6.05232741861518	2.62789041221142	0
6.04603921054210	3.86933608729632	0
6.04307674941107	2.94581925896768	0
6.02946900283528	3.45431799472458	0
6.02926656312793	4.19494063519067	0
6.01360118399804	2.92255471848221	0
5.98681949217035	0.953778494532845	0
5.96443007820974	4.10010628327697	0
5.94056535398728	2.47880007149337	0
5.92489373502957	2.12410691459266	0
5.92290581701079	2.59121605732168	0
5.87693270993763	3.69633832865239	0
5.87178971141150	0.0515520560058510	0
5.86514102781154	1.94368958076545	0
5.85719550732106	1.90737819041705	0
5.79567937129854	1.60101777038871	0
5.71452287060144	3.22845566363249	0
5.70971631883822	0.799091655978681	0
5.70924344457736	2.07377888011879	0
5.67827007494959	1.14155631288509	0
5.66497526819234	2.88261224825231	0
5.64200744556570	0.158803809785808	0
5.61656294464395	0.409947326474957	0
5.51839300095802	2.19950939255552	0
5.50925219657051	1.62018473122465	0
5.50655740792096	1.83501280558516	0
5.50049839102396	0.543267462010160	0
5.47561522261282	0.229556800739478	0
5.47469842088741	0.225312703698306	0
5.46875293680019	0.763417444997276	0
5.45163649192188	0.0248272645187171	0
5.41639907623284	0.842303950853648	0
5.36732112232396	0.464568054256697	0
5.36336147088124	0.140266522248251	0
5.34135491153708	1.65377663120736	0
5.31255302418282	0.546006703318158	0
5.26592525578360	0.644598839589658	0
5.26212616065084	0.0888191302353225	0
5.25317914479597	0.637731579484454	0
5.25045495731771	0.0542160314003804	0
5.23905898421856	0.491451358772666	0
5.21142649491211	0.272529921969463	0
5.19509524958581	0.290600501626722	0
5.17392559574692	0.595369330544103	0
5.16943827860469	0.624453835640739	0
5.13726119857122	0.577604796740206	0
5.12836916955675	0.187251981178219	0
5.09811576508523	0.0736382788293808	0
5.08916866617596	0.235915410569534	0
5.08152610933868	0.0878022338729195	0
5.03846821968917	0.0527991104589948	0
5.02104792479929	0.0719797450582155	0
5.01948289437005	0.0910128815861552	0
5.01188909806546	0.0125720249104010	0
4.10000000000000	4.10000000000000	1
4	4	1
3.13958755153985	-2.08478096511766	0
3.13894572832455	-1.19519746901668	0
3.09210154176568	-2.32760759543172	0
3.03841238794741	-0.352232920246741	0
3.03801398292989	-2.34150317185773	0
3.03698505768152	-0.581484153600165	0
3.03244868045796	-0.636746676917517	0
2.99908291908261	-2.66415065891231	0
2.98661450641957	-0.583393059400575	0
2.97955537002312	-1.50211080294206	0
2.97583451854506	-1.06142266150192	0
2.96760673319055	-2.21767492989197	0
2.95552650757348	-1.23402996559878	0
2.93975070110295	-1.88021557862958	0
2.92959849474481	-0.181390938093147	0
2.92848037542270	-1.65147354819649	0
2.92161801171193	-1.51303508470123	0
2.91881503156121	-2.19714902264975	0
2.91630005573523	-1.97080904531230	0
2.91066028648494	-1.09397750562771	0
2.89651075849842	-1.91466378979675	0
2.89443775818421	-0.338714646532572	0
2.89265113074649	-0.876720982476656	0
2.89143792750677	-1.69325257732177	0
2.88826860725097	-1.28366429053309	0
2.86446841685054	-0.682056214831090	0
2.86387654034656	-0.908503142995133	0
2.84297468280707	-1.15452025982149	0
2.83538469535171	-2.63115478805113	0
2.83415641552575	-0.469517906214206	0
2.82982864734575	-2.51858142872108	0
2.82659460039521	-0.959539816281566	0
2.81694042954665	-2.65414914936818	0
2.81654324560572	-0.373846205932478	0
2.80920541839797	-0.575628060903710	0
2.79829440929774	-0.923714902301251	0
2.79248175961224	-0.754538348740128	0
2.78727205314563	-1.98922442826653	0
2.78710316699950	-0.287030301302048	0
2.78479732722451	-1.22270474320942	0
2.77547865147140	-0.822957610502870	0
2.73595638012672	-2.40051323573626	0
2.70856925593975	-2.05578120960052	0
2.69484111067769	-2.48574459032238	0
2.67962868803263	-1.89563061513028	0
2.67439884640743	-1.27109366127446	0
2.67337250776315	-1.72008265819972	0
2.66685576217125	-0.651134233306644	0
2.65941656294042	-0.831875752063656	0
2.65435076284277	-0.829299141425666	0
2.65222754889122	-2.11249206632227	0
2.63790023148200	-0.810757756078138	0
2.63555140824235	-1.22728399448416	0
2.63323754356322	-1.72616705379905	0
2.62795285014953	-2.59417072176502	0
2.62293783193807	-0.629353270634821	0
2.57966944666316	-0.191277442185734	0
2.51585174399741	-1.59359527183454	0
2.50539369279757	-1.26969275230660	0
2.50120832368175	-0.881402548349935	0
2.49052190873353	-1.55951123791598	0
2.44789947309652	-1.03654928892847	0
2.44669635908529	-1.38686452685708	0
2.43752673534515	-1.54787297812462	0
2.43128015788101	-1.06637321109694	0
2.42824603773097	-1.88530641919135	0
2.41823084508806	-0.513541415103670	0
2.41453188357855	-1.67844520075569	0
2.40869537810411	-1.55913932981950	0
2.40652351449414	-0.145564036132240	0
2.37904518833793	-0.650324759031238	0
2.36866391129871	-0.450196298458607	0
2.36505882905944	-0.464053391306666	0
2.36229698094235	-0.402048585960027	0
2.36168267472734	-0.310949829904885	0
2.36075785027130	-0.356038236942166	0
2.31331464881927	-0.616420262753843	0
2.30891799053206	-0.509160665877626	0
2.29117577027460	-1.48963065854185	0
2.28926131916289	-0.646342902758612	0
2.28266506604776	-1.15148303243737	0
2.26868684716118	-0.139546182864337	0
2.26849402326832	-1.89673606529218	0
2.26029834788579	-0.462615078926669	0
2.25754394436086	-1.52529548970571	0
2.25031908518194	-1.25738875395505	0
2.24873168885950	-0.431419959244518	0
2.24251653492408	-0.304551255269359	0
2.20308657062612	-0.136674481447308	0
2.17588789371584	-1.44361046518627	0
2.16981972918046	-1.26546934548887	0
2.15843509016895	-1.56863552195838	0
2.15583570133738	-0.622324892580130	0
2.14894700734932	-0.369226010034109	0
2.14783973110372	-0.0666605033544603	0
2.14533853483242	-0.516377571746299	0
2.12438548374751	-1.30317769846646	0
2.11431000894449	-0.598840571044829	0
2.10934100936155	-1.39252673754000	0
2.10869435806990	-0.383260792217827	0
2.09768160703406	-0.744014118299887	0
2.08672222452414	-1.10062415271254	0
2.07683444138265	-0.103123301805179	0
2.07616154577601	-0.836086211170070	0
2.06557799737310	-1.03966177941907	0
2.05746911424435	-0.793964057069209	0
2.05488457839839	-1.08444352304958	0
2.03214238479952	-0.545453108531420	0
2.02912356235814	-0.319604080550215	0
2.02907398076184	-0.348696364498615	0
2.01688169656724	-1.04618652385221	0
2.01527713300026	-0.864335056035308	0
2.00750066756764	-0.312623000166373	0
2.00692283559632	-0.672696299523373	0
1.99549389911768	-0.661363362617526	0
1.98712888317581	-0.843480328229194	0
1.98683061577200	-0.990229540933639	0
1.97693211982819	-0.729317111909038	0
1.96811448657387	-0.892063138682317	0
1.89585937830460	-0.101006901997237	0
1.89418687232319	-0.724875612023883	0
1.89233201134270	-0.336577837648705	0
1.88902372002283	-0.487179733841988	0
1.88656032590980	-0.892541441435900	0
1.88570831183913	-0.000730345751115892	0
1.88549630004255	-0.411929912861367	0
1.87829462195949	-0.313915085831387	0
1.87200972898018	-0.148861246171011	0
1.85766309863607	-0.325213230014386	0
1.84256376009125	-0.792680072063076	0
1.82417151852987	-0.0219354636951492	0
1.82060915411131	-0.274840189671518	0
1.80888510540680	-0.223946482386258	0
1.80469538778245	-0.195800151349917	0
1.80062367682926	-0.342546589634683	0
1.80000000000000	2.10000000000000	1
1.76632858809774	-0.346350278192381	0
1.74836220169546	-0.449061274136440	0
1.72601256149138	-0.198885537750792	0
1.72548901855344	-0.442825817601616	0
1.70379012829875	-0.127431960897090	0
1.69865693052032	-0.209162677808861	0
1.69115316202160	-0.0323704428781271	0
1.65072407763695	-0.174137759325121	0
1.64357845287900	-0.0319386172770852	0
1.63713050301319	-0.154365563165055	0
1.62008520291977	-0.127565179846431	0
1.56990513432365	0.00182760328099413	0
1.55871976576123	0.0199622045204268	0
1.55098529882823	0.0576651030981645	0
1.54512064177619	0.0374922121091648	0
1.54373290236358	0.00600456980475290	0
1.52200928998300	0.123324571657858	0
1.51241470571143	0.150420224803857	0
1.50701496576630	0.0679127875755178	0
1.48579166763633	0.103852073576481	0
1.48216075401444	0.221586250827454	0
1.46698307042966	0.229670408383190	0
1.45412865957099	0.137083058987253	0
1.45259462663222	0.119303280062956	0
1.45095484751522	0.281746072548345	0
1.44762264057673	0.231592834418503	0
1.44579990811823	0.244709087112514	0
1.44391281618610	0.293061684757241	0
1.44068809670088	0.306789913195232	0
1.43924346569684	0.260424828256900	0
1.43706341360557	0.370847061107614	0
1.43367983309063	0.124141131070282	0
1.42459510097124	0.420904617411025	0
1.41267485474442	0.390919083255726	0
1.40927395448160	0.236492942210698	0
1.40312638277568	0.174473442700880	0
1.40071373745545	0.416480892936267	0
1.38220855426410	0.412120544770032	0
1.37856301761402	0.418521680611486	0
1.36387002230389	0.114838448373713	0
1.34954648616050	0.623379057041735	0
1.34439338086729	0.00334850956184235	0
1.32722471927128	0.149437246007875	0
1.31965622689817	0.689230003772920	0
1.31419526355637	0.745995556354019	0
1.28537486364593	0.239733095352429	0
1.28047641133324	0.271046452098836	0
1.27560562163592	0.236436288872058	0
1.27426672188815	0.0865186531035789	0
1.27226419273626	0.629439713465421	0
1.25631570011429	0.739282278644182	0
1.24989234047499	0.252361167679702	0
1.24333120062008	0.606416337820537	0
1.21820911087268	0.171227784468421	0
1.20248284869015	0.563075351932951	0
1.19661238656816	0.626393424091399	0
1.19510423089365	0.835570648319247	0
1.16630081150440	0.723867543162855	0
1.14024836317811	0.239277629171676	0
1.12769832286789	0.0820564329720616	0
1.11132814231933	0.196146312102910	0
1.11034178720947	0.107813222116254	0
1.10641911424589	0.608369676426407	0
1.10283391575853	0.0705525610411848	0
1.08741788323287	1.25769731364832	0
1.08429278590993	1.30916469540827	0
1.08009940473058	1.21627877583652	0
1.07610235646566	0.337322227472915	0
1.05846716086999	0.0738135818676251	0
1.05613627953876	0.190830804974985	0
1.04648244313643	0.163868770201413	0
1.04048708276385	0.767743414150416	0
1.03771289365608	0.910729976385549	0
1.03222553360340	0.739735592742111	0
1.02733686608251	1.29015210561805	0
1.02475260771157	1.11031982614014	0
1.02368709649449	0.865344019341863	0
1.01778802682977	0.692413377069029	0
1.01524766568745	0.507667161111026	0
1.00391636335342	1.24119542627552	0
1	-1	1
0.998947003713955	0.588501043914967	0
0.997471506629091	0.780824127258183	0
0.993091103299058	0.847379166734573	0
0.972770316905544	1.19878702346773	0
0.969604954689725	1.33297496240463	0
0.967242297508883	0.0702178045203831	0
0.955137387540250	0.292209514482638	0
0.952780384855126	0.461669097925546	0
0.949904482501202	0.794093564828910	0
0.949007077373749	0.977911919432476	0
0.944660835663646	1.12053559034942	0
0.932029976463053	1.68887947384039	0
0.930008002107156	1.61835653496191	0
0.920139524928947	0.185539464030194	0
0.908475281299887	0.434490813028367	0
0.883257127668693	0.398913674625299	0
0.862855447863926	1.11497575952007	0
0.856639745738303	0.727191545353118	0
0.856323950649145	1.82232134877829	0
0.834004483643210	0.189606188223008	0
0.830221363066035	1.23011749751418	0
0.819223396712763	0.268081647245840	0
0.818183762586135	0.734991031277795	0
0.815555910893623	0.996678871271860	0
0.814754195340934	1.15935372377192	0
0.812267094287574	0.509965789423463	0
0.807623557009488	0.471549014317487	0
0.807428005894600	0.669839543778456	0
0.804771098606119	0.384870686501589	0
0.802276952213296	0.222355930015472	0
0.794678478249094	1.46782596239151	0
0.780692760996107	1.04734040739645	0
0.778928038939823	1.58603007670311	0
0.767492447313679	0.292688912723386	0
0.767105626294519	2.00782683506430	0
0.766982637629951	1.51217854634536	0
0.744586514715847	1.70416162843595	0
0.741488763520362	0.880947639657928	0
0.729502863732468	0.235912093917918	0
0.720958960990736	1.94328085161117	0
0.712316374271776	0.677918349606121	0
0.708109671713393	0.885052114638524	0
0.693059000227522	0.691811732606566	0
0.680199385355814	1.98416036574101	0
0.678157155957531	1.08893598108504	0
0.661011712786041	0.775925515736917	0
0.657447726180903	2.32884959948372	0
0.646948329141545	0.160272564194683	0
0.638140064951767	1.49136787191819	0
0.637931018442380	2.27606166936477	0
0.632618490910527	0.322820980576543	0
0.632556504521178	0.668452626282549	0
0.613122998176403	0.583231023762679	0
0.601670401901847	0.0930100722841777	0
0.600146900214192	2.04612263450451	0
0.598887785497799	1.06430714216970	0
0.591962765842225	2.16749641659369	0
0.591039251937271	0.105118702090859	0
0.588408766152137	1.19449345807150	0
0.586673934048864	2.23000036129056	0
0.548910495862599	1.87228739501360	0
0.538199040754743	2.00115665069270	0
0.524339090031695	1.30871254603209	0
0.517382428024480	0.590582193448463	0
0.513480120424773	1.46291739866758	0
0.508470013363370	0.160608407755414	0
0.508327434238021	2.24861295774192	0
0.485768895064103	1.50500042857427	0
0.484486467851357	2.11407594037176	0
0.480002356684849	1.36168460477695	0
0.476650058788723	2.07734080816135	0
0.472379009995106	0.139688470139381	0
0.461736910502214	0.0309710858477539	0
0.452674816887150	0.0846256979205916	0
0.437242938845072	0.0151770297120939	0
0.430772850203428	0.674428768240681	0
0.428997241978163	1.74783046519555	0
0.396878204691301	0.658719613530751	0
0.383404031647171	0.476998351575804	0
0.381133075620795	0.0227536641526755	0
0.367183111668911	0.450753613110707	0
0.355589810960836	0.109557460961683	0
0.344665472195763	0.608485298756595	0
0.341135671699741	0.0614189835816634	0
0.336894582345976	2.07070549536334	0
0.334369287078708	1.27719881459687	0
0.332499280767645	1.75938421806926	0
0.330175551353519	0.410106143750359	0
0.323697156497655	2.35515013560594	0
0.315967485861662	2.40276153141949	0
0.313500615457315	2.05135559696055	0
0.310265980694856	2.33061964784784	0
0.283319972328649	1.38615446000788	0
0.282015678644010	0.273625743790071	0
0.243511429421791	2.83318947480069	0
0.225046908304416	0.484992309772750	0
0.215586038647985	0.0359186559335557	0
0.211763656747081	0.272117986309576	0
0.211521279157540	1.90560895858072	0
0.198898163500700	1.79949435085255	0
0.198634066281906	1.40550210647515	0
0.189345380036669	1.66663524583050	0
0.187362299548373	0.987884165657833	0
0.176738176865851	0.953500385987361	0
0.168487586935628	1.44327682465392	0
0.168290827674351	2.54683796980353	0
0.158310519180919	1.29253893021608	0
0.155380423864903	0.145320018992730	0
0.151185644328256	1.88460840751472	0
0.147065112864589	1.22285109161313	0
0.144452719728740	0.135989444551311	0
0.136421170796595	2.94865913273845	0
0.134510025998246	2.69097794135454	0
0.116573506184105	0.146900732346469	0
0.112324699028241	1.16951084610879	0
0.111506752695754	2.87338089453413	0
0.104220631616413	2.74618075400529	0
0.101452935596361	0.267879603729742	0
0.0813064385900929	2.70577276843365	0
0.0799411129502593	2.63769164530107	0
0.0691932337113349	2.63059318621301	0
0.0622445018549784	1.87932849252993	0
0.0572362558994225	2.57692671307282	0
0.0523442221533721	2.83704685552194	0
0.0486693231628654	0.736763526066789	0
0.0330532517227735	2.23871592835359	0
0.0320686233075285	1.82731039569639	0
0.0306403182196652	0.122825913753322	0
0.00128227579761575	1.80233470173718	0
