-17.6382954200000	-17.2053261000000	1
-16.2565981200000	0.169254916000000	1
-15.0673205800000	21.6769456600000	1
-12.9911649600000	5.91657112400000	1
-10.7219417600000	-6.98969523000000	1
-9.83799337900000	9.59697216300000	1
-9.23910944700000	-6.64466849300000	1
-9.12229163100000	9.83391503700000	1
-8.24000296600000	-10.9729444300000	1
-4.48043252600000	20.9530112600000	1
-2.68211663200000	4.31093500900000	1
-1.33983688900000	-6.18791125500000	1
1.37298592100000	20.1284004800000	1
2.04244998300000	20.8136970000000	1
2.38609029400000	-25.1574694700000	1
-2.01332831800000	-8.87930648000000	1
5.06538580600000	-2.31181290500000	1
6.27911347700000	-10.8360170900000	1
6.53738980900000	-1.90451840600000	1
7.91000114500000	-8.32428721900000	1
10.0141680800000	-7.84660361700000	1
10.4552234800000	13.9027673100000	1
11.7958048100000	-10.5089616800000	1
12.7310978400000	3.99026627000000	1
13.3420489700000	0.986420813000000	1
17.0068454200000	-18.2553605800000	1
11.8467763700000	-22.3481101500000	1
23.3492480400000	24.0255794400000	1
23.7651774700000	-6.84139740700000	1
24.6037640900000	27.7069087200000	1
25.9648982500000	-15.1562980900000	1
26.1483145900000	-15.9167806000000	1
28.3553906400000	-5.40681307200000	1
29.0393455600000	-5.50346667200000	1
29.3565554400000	20.3609492600000	1
-18.0274683000000	23.6680325300000	0
-17.8650050900000	24.2621959400000	0
-17.8152086400000	24.1902788900000	0
-17.6155738900000	23.6360717500000	0
-17.4885643900000	24.1084920600000	0
-16.8868303400000	24.4846111200000	0
-16.8681532900000	24.1504745700000	0
-16.8120710200000	24.1909332300000	0
-16.4581337300000	24.6179944500000	0
-16.3811125400000	24.9564868800000	0
-15.7681502600000	-4.67803991500000	0
-15.7609077800000	-2.53614617200000	0
-15.4832770100000	-6.48336586700000	0
-15.4792308600000	-6.61953165000000	0
-15.4669019300000	-9.44842489600000	0
-15.3976830400000	-7.01969809200000	0
-15.3943929500000	25.1563608200000	0
-15.3382902000000	24.2465075900000	0
-15.3358135700000	-7.34491605600000	0
-15.3339283600000	-7.02946116700000	0
-15.3224770900000	-10.3491184400000	0
-15.3131749200000	-1.95297802100000	0
-15.1478558000000	-1.69515037500000	0
-15.1411168400000	-4.96212110100000	0
-15.0778365000000	-4.15768728300000	0
-14.9361470200000	0.000981622000000000	0
-14.8904100800000	-3.43235773400000	0
-14.8442953100000	-2.22280250100000	0
-14.7911838200000	-4.12371734100000	0
-14.7898205000000	-2.98578496500000	0
-14.7475468800000	-13.1988342100000	0
-14.7102140900000	25.2705044600000	0
-14.6488044400000	-8.43062600000000	0
-14.6461702200000	-3.24923123200000	0
-14.6358766100000	0.827449115000000	0
-14.6254788000000	0.425111447000000	0
-14.6013228800000	-8.11434214300000	0
-14.5307638800000	-9.25599697800000	0
-14.5030753500000	1.22486037500000	0
-14.4638373700000	-0.326931110000000	0
-14.4241965100000	-0.285123467000000	0
-14.4110150900000	-0.874281455000000	0
-14.4099737200000	-0.633891130000000	0
-14.3640711600000	-4.94181988400000	0
-14.3490311800000	-11.3603818000000	0
-14.3466814500000	-8.81882492000000	0
-14.3373021300000	-4.53898964300000	0
-14.3302008500000	1.51979457600000	0
-14.3286637800000	-4.84490525500000	0
-14.2450126900000	-9.51065011200000	0
-14.2151073900000	-0.804861582000000	0
-14.1947055500000	-9.61831578400000	0
-14.1810657600000	25.8413769300000	0
-14.1372675800000	-8.07476583800000	0
-14.1305445200000	-3.83893087500000	0
-14.1172245800000	25.6539389600000	0
-14.1135841100000	24.7674340300000	0
-14.0761935200000	-0.915525822000000	0
-14.0666246900000	0.353354114000000	0
-14.0489008500000	1.18687510300000	0
-14.0353949900000	-5.06317696200000	0
-13.9659099300000	-2.78943302600000	0
-13.9467518500000	26.9624490000000	0
-13.9437895000000	-4.13938080000000	0
-13.9338214800000	-8.02831448800000	0
-13.9319011400000	-5.34379999700000	0
-13.9279005300000	-5.48889813400000	0
-13.9163145000000	-2.52014986000000	0
-13.9120585100000	-4.55819269600000	0
-13.9002264100000	-4.55664486400000	0
-13.8958816800000	-2.75643944200000	0
-13.8919556800000	-3.65481066900000	0
-13.7856211500000	-8.37980153500000	0
-13.7292806900000	-8.72879368600000	0
-13.6881169800000	-3.57370623900000	0
-13.6707254500000	-8.88148598900000	0
-13.6219777300000	-8.87323164100000	0
-13.6093042500000	1.88993043000000	0
-13.5393213800000	-9.76800654100000	0
-13.5294526900000	0.996494107000000	0
-13.5284193100000	-2.10175856900000	0
-13.4672969100000	2.51767530600000	0
-13.4537803000000	-3.80952923100000	0
-13.3894541600000	-0.100376015000000	0
-13.3856560700000	3.00192150800000	0
-13.3845107000000	-7.28372746400000	0
-13.3710348800000	-1.62410230400000	0
-13.3617516800000	-3.45790298800000	0
-13.3172775500000	-5.65198573100000	0
-13.2947487200000	-7.56079869400000	0
-13.2702077600000	-7.78440189300000	0
-13.2671420200000	-5.31864682600000	0
-13.2386394200000	26.3096734000000	0
-13.2051576300000	-11.1116432800000	0
-13.2016155500000	1.07872856600000	0
-13.1883165600000	-9.73276645100000	0
-13.1758572500000	-8.30778398200000	0
-13.1687177700000	-0.232744803000000	0
-13.1638372600000	1.60306451300000	0
-13.0856713900000	-0.803336790000000	0
-12.9738630500000	-5.81918881600000	0
-12.9673086900000	0.777581019000000	0
-12.9651514500000	-2.04708911900000	0
-12.9537828900000	-1.81456217000000	0
-12.9524635000000	-5.63641949700000	0
-12.9273134500000	-9.63115418200000	0
-12.8792507300000	26.5547819400000	0
-12.8464697200000	-7.48011656300000	0
-12.8454293700000	-12.1409371800000	0
-12.8165426100000	2.29861502800000	0
-12.8003439200000	-14.5184903000000	0
-12.7979012400000	3.57656851700000	0
-12.7348049800000	26.6860643800000	0
-12.7337291200000	-9.49043256700000	0
-12.7211502000000	-7.39456196600000	0
-12.7093389300000	-8.33236427500000	0
-12.7032734200000	3.46466884300000	0
-12.6989891000000	-11.0770242800000	0
-12.6874026600000	3.97282913300000	0
-12.6746900400000	2.97930039800000	0
-12.4968965500000	-9.76468252000000	0
-12.4772666600000	-8.78477134200000	0
-12.4727404200000	3.20606838400000	0
-12.4601589600000	2.74971099300000	0
-12.4402153900000	3.74779122400000	0
-12.4399495700000	2.83810047800000	0
-12.4260248400000	3.26036945400000	0
-12.3123823600000	-1.24336677400000	0
-12.2512674700000	4.12999659700000	0
-12.1758454600000	4.48428876500000	0
-12.1632294100000	-3.99053655700000	0
-12.1415255700000	4.43769396500000	0
-12.0991009700000	-9.93818424900000	0
-12.0912010600000	-9.11387700900000	0
-12.0818428500000	27.9285090800000	0
-12.0377712900000	4.49823702400000	0
-12.0011670200000	4.05402347600000	0
-11.9832151200000	26.9112088700000	0
-11.8494260100000	4.80628797700000	0
-11.8235751800000	27.0266598800000	0
-11.7770507500000	-4.96982699200000	0
-11.7209740400000	4.92290719900000	0
-11.7103811000000	27.6136059700000	0
-11.6659690400000	4.93700775100000	0
-11.6575797000000	4.99645138900000	0
-11.6064903500000	26.0669126500000	0
-11.5924889300000	5.00330659300000	0
-11.5859736000000	4.90487326800000	0
-11.5855179000000	-14.1854471800000	0
-11.5460362000000	25.9406153800000	0
-11.4597847400000	4.76666378400000	0
-11.4283464300000	-13.7718359900000	0
-11.4142050800000	-14.8071438600000	0
-11.3145758700000	5.09745660100000	0
-11.2870852800000	5.28077194600000	0
-11.2597005200000	5.35253037700000	0
-11.2178980400000	-12.9633453300000	0
-11.1418666700000	27.0096776100000	0
-11.1132137200000	5.13036763700000	0
-11.1101470700000	4.95667270800000	0
-11.0613244100000	5.41283390400000	0
-11.0493407400000	5.39748038700000	0
-11.0484216000000	27.1455713500000	0
-11.0198013200000	5.02203136200000	0
-11.0141245800000	5.09184334100000	0
-10.9421814200000	26.5250550500000	0
-10.9081752100000	-14.9198131100000	0
-10.8053366700000	-13.9443554200000	0
-10.8035524000000	-13.0765981600000	0
-10.6776371800000	27.1136378100000	0
-10.6294054500000	5.91023761100000	0
-10.6037369400000	6.05042075500000	0
-10.5894492600000	5.90329660700000	0
-10.5226765800000	-13.0006667100000	0
-10.4991642300000	28.0559728200000	0
-10.4855143900000	5.98352317900000	0
-10.4404189900000	28.6544602600000	0
-10.4199374700000	6.17116743800000	0
-10.4118826800000	5.82579640200000	0
-10.3753752900000	5.79733930600000	0
-10.2599847900000	26.7786266000000	0
-10.2496320100000	-14.3445654700000	0
-10.2108515500000	6.41221634700000	0
-10.2074417300000	6.25626851800000	0
-10.1881954500000	6.47258551900000	0
-10.1774436300000	-12.4456300100000	0
-10.1296134000000	6.50441575700000	0
-10.1211829400000	6.53120272600000	0
-10.1191884200000	6.47870394500000	0
-10.1065359600000	6.42837734000000	0
-10.0153088400000	-14.0260107900000	0
-9.99698656800000	-16.2719632500000	0
-9.93674159300000	6.67930383300000	0
-9.93402623100000	6.68910176500000	0
-9.90073347500000	-16.1992212200000	0
-9.88476303600000	6.77561422700000	0
-9.86587600200000	6.69995396800000	0
-9.79115506300000	-12.5692218000000	0
-9.79108428300000	6.80509182400000	0
-9.76828004600000	-13.2937069600000	0
-9.71006512900000	-12.8238025500000	0
-9.68088851500000	6.90408166800000	0
-9.60452710300000	6.88898790900000	0
-9.53463836000000	-13.5568620300000	0
-9.45185808400000	7.20413796300000	0
-9.41694491100000	27.9912768900000	0
-9.40726973300000	-15.9631400300000	0
-9.36231591000000	28.2368370500000	0
-9.33845140700000	7.17138467700000	0
-9.30189816200000	-15.5491118000000	0
-9.28373227200000	27.6810047300000	0
-9.24286063000000	7.40613394300000	0
-9.18704111000000	7.39260095800000	0
-9.18275735700000	7.45196927400000	0
-9.17275113100000	6.99001905500000	0
-9.11402043400000	27.7437605600000	0
-9.09245504100000	-15.4043237500000	0
-9.00935908300000	7.15780087100000	0
-8.99364000500000	-14.2983934400000	0
-8.97184463000000	7.53924222400000	0
-8.96016455000000	7.38439847400000	0
-8.94232670500000	7.71341264700000	0
-8.94091638400000	7.60698693100000	0
-8.90440305300000	7.37867638500000	0
-8.80571557900000	-14.3441106500000	0
-8.74523022500000	7.65666290400000	0
-8.68630142100000	7.67967069000000	0
-8.68490427700000	7.80333648800000	0
-8.61108391900000	7.06268805400000	0
-8.60606040300000	7.80690821000000	0
-8.55549115200000	-15.4368230500000	0
-8.48575003800000	7.80124949500000	0
-8.42294872500000	-15.4529561500000	0
-8.38912424600000	8.01148889900000	0
-8.27749307000000	-14.9995676700000	0
-8.20141835600000	8.20120657500000	0
-8.19867370000000	-14.2562233600000	0
-8.16036256100000	-16.6568993300000	0
-7.94270547300000	8.23764034200000	0
-7.89500046600000	27.5438989600000	0
-7.85692135000000	-15.2374770600000	0
-7.79720031000000	-17.7480059800000	0
-7.67070604800000	8.64169138100000	0
-7.61217336500000	8.66139852000000	0
-7.54384411000000	27.3938831300000	0
-7.50137889800000	8.57546010100000	0
-7.47690670300000	8.78803274000000	0
-7.46972264900000	-14.6760559600000	0
-7.41691620800000	-17.7655652500000	0
-7.35727779600000	-14.7068474700000	0
-7.30051767800000	8.98195034400000	0
-7.26068921600000	-17.5097823300000	0
-7.22376702900000	7.49439406200000	0
-7.16603288400000	-17.3162732300000	0
-7.10973437900000	8.54116674200000	0
-7.08695501900000	8.67683986200000	0
-7.08491998000000	9.40107050800000	0
-7.07421114400000	8.61643298800000	0
-7.05684082800000	-18.9809076400000	0
-6.85835670100000	7.95300454000000	0
-6.82674545400000	-15.2885743400000	0
-6.76001400400000	26.7991506600000	0
-6.75928959700000	28.1714693700000	0
-6.70450492000000	27.7473628900000	0
-6.64506629700000	27.4803470400000	0
-6.60614398400000	-15.9393246000000	0
-6.59009236500000	8.65440539400000	0
-6.55840623800000	9.64227069000000	0
-6.48688564400000	9.76657815500000	0
-6.47942009000000	-19.0523472900000	0
-6.32149884500000	8.37562156900000	0
-6.30422997600000	-14.7385425900000	0
-6.30068796400000	8.30999123200000	0
-6.23619359100000	8.60692621400000	0
-6.21931801600000	9.96969494300000	0
-6.20383547500000	29.9933481600000	0
-6.12785368900000	8.44937117200000	0
-6.10932908300000	7.81939409400000	0
-6.06632303600000	28.0207164700000	0
-6.02141730100000	9.33900456700000	0
-6.02053052400000	9.24334997700000	0
-5.95401101000000	8.72042217100000	0
-5.95188576900000	7.81734206400000	0
-5.93394221100000	8.72225925800000	0
-5.91853978900000	-16.3185873000000	0
-5.89847188200000	9.17956354500000	0
-5.84368885600000	8.74640358700000	0
-5.82985495500000	-16.4081376400000	0
-5.80547748900000	9.51604590700000	0
-5.76875940300000	8.48533733900000	0
-5.76426912600000	10.0696541000000	0
-5.75630579500000	8.97384697200000	0
-5.73159868600000	8.84458492300000	0
-5.66418025200000	-17.6390199000000	0
-5.66212626000000	7.02234713100000	0
-5.65111614300000	-15.7203508900000	0
-5.60876743100000	9.25276923300000	0
-5.57330280900000	8.47481477900000	0
-5.52018235900000	-19.0178494000000	0
-5.50634608700000	28.7173096200000	0
-5.45802031500000	-15.1850617200000	0
-5.42255348900000	27.5100855300000	0
-5.39272006800000	9.95786306100000	0
-5.37703530200000	9.64211606500000	0
-5.28708179400000	8.84448841800000	0
-5.12709685600000	8.28350061700000	0
-5.12015692200000	9.67206886200000	0
-5.05766967100000	9.92079322600000	0
-5.05251947900000	8.83422491100000	0
-5.03571663600000	8.47119998400000	0
-5.00714402500000	9.85268007800000	0
-4.81099794800000	29.2616947300000	0
-4.71386284000000	8.70129018400000	0
-4.58696420900000	27.5776318200000	0
-4.56143905000000	9.21435702700000	0
-4.47195268100000	-17.0592540600000	0
-4.46557256100000	-19.0670884900000	0
-4.42100843000000	10.8787110500000	0
-4.38881541900000	-17.0447639400000	0
-4.37272272800000	26.4925056600000	0
-4.35348033200000	10.1480883500000	0
-4.23843310600000	8.67525204100000	0
-4.16799485800000	10.5630275300000	0
-4.14777718800000	28.3786853100000	0
-4.14383938000000	8.34477239900000	0
-4.12263307800000	9.00754607800000	0
-4.03682627300000	27.4675286100000	0
-4.02890484600000	-17.3584077100000	0
-4.01758281700000	9.35899181700000	0
-3.99793817900000	28.4929849100000	0
-3.99348379100000	29.7964112900000	0
-3.90097288400000	-18.5066444700000	0
-3.88970161700000	10.3064142100000	0
-3.79066455200000	28.2224294700000	0
-3.72779836600000	10.1058267000000	0
-3.61336974600000	-16.7198007200000	0
-3.45765147100000	26.4354905900000	0
-3.39907685100000	9.64083326900000	0
-3.39055271600000	-17.3706995300000	0
-3.25870193700000	9.48910818100000	0
-3.24858619000000	9.42587632400000	0
-3.23944748200000	9.55716855600000	0
-3.21746581200000	28.5656558800000	0
-3.19191358500000	-19.7012305800000	0
-3.15108090100000	-18.0431458000000	0
-3.13241653300000	10.8266175100000	0
-3.06274634300000	28.3543173000000	0
-3.04431953500000	10.6431128200000	0
-2.89686146600000	28.9935205900000	0
-2.79989090500000	-18.9931358500000	0
-2.79700399900000	10.7671113800000	0
-2.73726969000000	26.7791669600000	0
-2.68675040000000	8.44555277100000	0
-2.64475274100000	10.2692093100000	0
-2.53036832700000	8.73465892500000	0
-2.52851218500000	27.1843588600000	0
-2.47926274200000	10.1497341900000	0
-2.47254868200000	10.7499264100000	0
-2.44498420700000	29.3151109600000	0
-2.41871274400000	11.7215552000000	0
-2.41276760000000	7.48589363400000	0
-2.39710793100000	-18.8264800000000	0
-2.39459453700000	7.67092966600000	0
-2.36062468300000	-17.7198424700000	0
-2.35252118400000	27.4687759000000	0
-2.32647022300000	9.66699931000000	0
-2.19189573000000	10.7161030700000	0
-2.19006938800000	9.79824194100000	0
-2.16629869900000	7.66584839400000	0
-2.16291087600000	10.4695467200000	0
-2.16096804400000	-19.7802488900000	0
-2.12780302100000	8.98457486200000	0
-1.83105915700000	-17.6549043400000	0
-1.81391807600000	10.0574217500000	0
-1.81239389700000	29.1849342000000	0
-1.77130466000000	9.78762084800000	0
-1.69517425900000	8.35234095900000	0
-1.66513450500000	27.5440395800000	0
-1.64190737900000	-19.2078405600000	0
-1.59904648600000	29.5138525200000	0
-1.58490528100000	-17.5130439300000	0
-1.45402237000000	-18.0733432700000	0
-1.43563124600000	9.37498901400000	0
-1.43118679300000	9.17051989400000	0
-1.40226738400000	28.6526679400000	0
-1.37056629400000	-17.2062599700000	0
-1.36371164400000	9.98971938700000	0
-1.35375425000000	28.7648662000000	0
-1.32554668800000	-19.3061016000000	0
-1.31163548100000	9.46726802200000	0
-1.27828119500000	8.46288311800000	0
-1.26168199900000	10.5198317200000	0
-1.18737367200000	-18.5807696900000	0
-1.12644405700000	7.54798240800000	0
-1.10871958700000	9.14058810500000	0
-1.09518524900000	8.37416497300000	0
-0.994260129000000	-17.0985433500000	0
-0.975628423000000	-17.2461863000000	0
-0.947156353000000	-17.9361826900000	0
-0.913775882000000	29.5560531900000	0
-0.891648690000000	-20.4837689800000	0
-0.827724137000000	7.51543292900000	0
-0.807715405000000	9.52959217000000	0
-0.806957944000000	10.9502220800000	0
-0.714640296000000	27.4339217100000	0
-0.680844271000000	-18.6022255500000	0
-0.629207516000000	9.99726015600000	0
-0.579119883000000	7.21874077100000	0
-0.530245807000000	8.24658300800000	0
-0.429062254000000	10.4887332100000	0
-0.419149104000000	8.44994753700000	0
-0.416172568000000	6.99730037700000	0
-0.305863781000000	27.7639981700000	0
-0.221411818000000	-16.7226122600000	0
-0.159519080000000	9.86045261600000	0
-0.0873496500000000	8.72561716400000	0
-0.0815364820000000	25.9764000300000	0
-0.0662460540000000	9.81301026600000	0
0.0835755130000000	-18.2868499400000	0
0.125100276000000	8.53807251600000	0
0.175825437000000	9.10278149000000	0
0.184502239000000	6.35829297600000	0
0.201139963000000	-18.3859204100000	0
0.206722494000000	11.5476883200000	0
0.253124092000000	-16.1933236000000	0
0.409775348000000	-18.9006353000000	0
0.472830028000000	10.7691230900000	0
0.563308594000000	-17.8793261300000	0
0.581328744000000	8.97198116700000	0
0.684602791000000	26.9884478700000	0
0.695496632000000	6.29806278600000	0
0.703695778000000	8.53089103600000	0
0.729757477000000	8.88411562600000	0
0.737934043000000	6.88091756900000	0
0.738641852000000	12.4501678000000	0
0.797816218000000	28.4684581500000	0
0.803086471000000	8.69940064800000	0
0.859032212000000	8.17528276000000	0
0.964107368000000	-19.2165824700000	0
1.06770918600000	-20.8688379800000	0
1.07184762600000	7.85720655400000	0
1.08674148800000	28.2742791000000	0
1.12153585900000	5.69552760900000	0
1.13268515000000	8.20535949000000	0
1.14378007800000	5.66362481800000	0
1.19770035600000	8.05936820800000	0
1.20681883600000	9.37381640800000	0
1.28959284800000	6.38700686100000	0
1.35733643900000	-17.8905702000000	0
1.37045817700000	8.03723868500000	0
1.37183786400000	-17.9452684900000	0
1.38209311000000	10.3333012500000	0
1.39617767900000	-17.8262603100000	0
1.45504016000000	-1.54804561100000	0
1.47699368800000	6.44153561100000	0
1.50034350000000	8.15056135100000	0
1.51559433300000	-18.5290853300000	0
1.52852817000000	7.50785831600000	0
1.54323303900000	-1.56262509200000	0
1.54563093700000	7.84103821700000	0
1.55504617200000	8.58254593700000	0
1.56499085100000	-19.5167267100000	0
1.56746606500000	6.59919955900000	0
1.58697970500000	9.37410975600000	0
1.59269800900000	26.3435180500000	0
1.61906009700000	28.7794682100000	0
1.69679210400000	6.50661257900000	0
1.73080496200000	-19.4677105400000	0
1.75431046900000	5.12492646100000	0
1.81867680400000	9.74278702100000	0
1.82760323400000	9.27359733300000	0
1.84293327100000	-1.15825666000000	0
1.85979235500000	8.03218857800000	0
1.86133481900000	-1.40664272500000	0
1.86752037300000	-1.33833321200000	0
1.94262505300000	-17.5678222900000	0
1.96726852200000	-1.19753304600000	0
1.97023300000000	8.31299326200000	0
1.97770796300000	7.62820346400000	0
1.98326333900000	-19.2981248300000	0
2.00272858400000	7.01085361200000	0
2.06126717400000	6.11716823400000	0
2.08422151700000	-19.0959794700000	0
2.10694990000000	-1.15897846000000	0
2.11554368100000	6.29529453900000	0
2.11613944100000	-19.3682447200000	0
2.17210942900000	6.99136757800000	0
2.19441942300000	-0.871732625000000	0
2.20244478600000	4.27776713300000	0
2.25938703200000	8.37230160700000	0
2.27989677000000	4.53864646300000	0
2.28942049100000	4.97854665400000	0
2.32300389400000	-0.872485495000000	0
2.33109927600000	-0.712795663000000	0
2.36215160000000	3.73256364900000	0
2.37392246900000	-0.756503997000000	0
2.37509898000000	2.93370646800000	0
2.37561977400000	5.49444686100000	0
2.38281859700000	-0.941571637000000	0
2.38847238700000	6.82185810000000	0
2.41008373400000	-0.911658387000000	0
2.42815472600000	-0.641010891000000	0
2.43848822800000	4.51975719300000	0
2.43910356200000	26.3491672200000	0
2.44487941700000	8.79003278700000	0
2.46500345800000	-18.3920223000000	0
2.47770693900000	6.09459927800000	0
2.48462800100000	-19.5611297100000	0
2.49734045700000	-18.6327179100000	0
2.50378302400000	-0.534903500000000	0
2.50917377800000	5.60373596400000	0
2.51112054000000	-0.572410527000000	0
2.54597849600000	8.52636874500000	0
2.54694080400000	-0.592858329000000	0
2.55325250300000	-0.712872345000000	0
2.56132818900000	-0.695771653000000	0
2.58512719300000	-0.495158134000000	0
2.60040183400000	-0.616035979000000	0
2.60134358000000	7.06146563700000	0
2.60248458000000	-0.728405836000000	0
2.60282443600000	5.52758258600000	0
2.60483018800000	-0.719161774000000	0
2.64515274400000	-0.365454177000000	0
2.65469886700000	2.76217913100000	0
2.65484643500000	-0.674236324000000	0
2.69358138900000	4.33563004100000	0
2.72415228300000	7.39750760600000	0
2.76311412500000	-0.505507552000000	0
2.77353645800000	0.0920690230000000	0
2.77686967400000	-0.484234911000000	0
2.79373443600000	-0.246792213000000	0
2.79514654000000	-0.533873455000000	0
2.79594309000000	7.55637669400000	0
2.86032716000000	7.75319538300000	0
2.87089511700000	4.77612809100000	0
2.88862341600000	-0.216784777000000	0
2.95223578300000	-0.270075621000000	0
2.98543057100000	-0.222176878000000	0
2.98640028000000	-0.248232619000000	0
2.99864243500000	-0.0914703640000000	0
2.99931819600000	3.91284286500000	0
3.03877400400000	-19.9348938300000	0
3.07385227700000	0.266494833000000	0
3.07695906100000	4.81415542400000	0
3.12862718200000	5.87088262300000	0
3.17209225100000	-0.0422049040000000	0
3.19614678400000	-0.00681631900000000	0
3.21338004100000	6.80240483800000	0
3.22123386500000	0.146415698000000	0
3.25134268800000	0.223042172000000	0
3.25689663600000	0.103825654000000	0
3.26086935400000	0.0429736670000000	0
3.27902380300000	1.59401040200000	0
3.28038228900000	0.160390555000000	0
3.32033158700000	4.43977527100000	0
3.32363750400000	0.0615352020000000	0
3.32672875800000	0.316413009000000	0
3.34010311400000	0.0418945330000000	0
3.34694375800000	26.5565740100000	0
3.34968342400000	0.114506157000000	0
3.35818345300000	0.0610432950000000	0
3.38878190500000	0.881201739000000	0
3.39773606600000	0.330180419000000	0
3.40624436300000	0.208994962000000	0
3.44182920800000	4.31790172200000	0
3.44426633500000	0.121759498000000	0
3.45096386400000	4.79502225300000	0
3.45217551100000	0.122651615000000	0
3.50579136500000	0.496415819000000	0
3.50730563800000	0.290806387000000	0
3.51529762500000	0.199342281000000	0
3.51673759600000	4.49708607800000	0
3.51739313300000	0.231915682000000	0
3.53584011300000	6.20192482700000	0
3.54650911900000	0.537183287000000	0
3.54883713000000	0.291982394000000	0
3.59229679400000	4.70632932000000	0
3.61469710200000	7.68225186800000	0
3.62486207000000	0.306451607000000	0
3.62586363300000	0.297374361000000	0
3.63664183300000	0.422992261000000	0
3.67121124900000	0.358656462000000	0
3.68176059100000	0.378675334000000	0
3.68313079600000	-20.0790093600000	0
3.68994494300000	0.526597135000000	0
3.70011121500000	0.636061921000000	0
3.70303893300000	0.691487945000000	0
3.70679621600000	0.431478758000000	0
3.72015696800000	3.74675521500000	0
3.73290576500000	25.7542620600000	0
3.73774409300000	5.63891968300000	0
3.74828574500000	0.495344026000000	0
3.75801158100000	0.800330231000000	0
3.75840352700000	30.2462885800000	0
3.76516562000000	0.486964495000000	0
3.76558960600000	4.93822798700000	0
3.76638466500000	0.765227996000000	0
3.76955038400000	0.769539636000000	0
3.79004868000000	0.643152404000000	0
3.79552596200000	28.1885987700000	0
3.80981969000000	3.41276690300000	0
3.82771572600000	0.725346617000000	0
3.86554954600000	0.556759101000000	0
3.86884286000000	0.867895226000000	0
3.87259695300000	-18.1552490000000	0
3.90048448800000	3.52891167200000	0
3.91157501200000	0.745800315000000	0
3.91548341000000	7.31549235400000	0
3.91594600800000	0.912082479000000	0
3.93315249800000	2.52780011300000	0
3.93935718200000	4.96842867500000	0
3.94078109400000	2.19499787400000	0
3.94387882200000	0.721690107000000	0
3.94762609300000	0.616837720000000	0
3.95490903300000	0.908273586000000	0
3.96449397400000	-20.7484772100000	0
3.98122850400000	8.06808719800000	0
3.98323810200000	1.34921636000000	0
3.99947350300000	5.33188330700000	0
4.00751552200000	0.790104875000000	0
4.00988958300000	0.724486837000000	0
4.03068972100000	-17.1944709800000	0
4.04794361200000	0.832575779000000	0
4.06173386800000	0.829234452000000	0
4.06973831800000	0.770392398000000	0
4.07715018000000	1.37714697600000	0
4.08566374000000	-19.6525529700000	0
4.09809319500000	1.10983458600000	0
4.10897616500000	7.77765015000000	0
4.11315671000000	26.8370053300000	0
4.13860854500000	0.872296479000000	0
4.14173231700000	3.24195060700000	0
4.14194856000000	4.51475556400000	0
4.15386824300000	7.82161041500000	0
4.18424489800000	4.28805950500000	0
4.18957973500000	2.55601981800000	0
4.19476379300000	7.47311494200000	0
4.21306894900000	0.896566477000000	0
4.21753502600000	27.7310018600000	0
4.23513168200000	2.07446833000000	0
4.30128332200000	2.81771984300000	0
4.30821905800000	3.98099509200000	0
4.31915009300000	2.72554348300000	0
4.32312066300000	1.31487454600000	0
4.32763729800000	3.58508717600000	0
4.34292832300000	9.37716243700000	0
4.34466125000000	2.61670520800000	0
4.35455252400000	1.39020978200000	0
4.36886681400000	3.97924240500000	0
4.38352916700000	1.05284030400000	0
4.39603109300000	5.80154419000000	0
4.46462175100000	6.13600772400000	0
4.46637370600000	3.60549830000000	0
4.48458162100000	28.6856475900000	0
4.48670935200000	6.86312576900000	0
4.50608857500000	1.30704445600000	0
4.51676562500000	1.21567835000000	0
4.51688488000000	-17.1359309900000	0
4.52064930600000	1.20150043900000	0
4.52926535800000	5.29936919300000	0
4.53163243100000	-18.4645687000000	0
4.53185950700000	3.27174093100000	0
4.53692382300000	1.35132278600000	0
4.54748322800000	7.97042616900000	0
4.55131861300000	2.81196991400000	0
4.58576312300000	1.40529170400000	0
4.59524168200000	-18.3252472500000	0
4.60531247700000	1.27514069600000	0
4.61692966600000	1.60246207000000	0
4.63551682000000	1.54804533600000	0
4.64131787200000	9.29316845600000	0
4.67193494600000	1.93960063500000	0
4.68247737200000	1.47489668800000	0
4.68567984900000	1.53986382600000	0
4.71596592100000	1.49218763400000	0
4.71929326000000	2.31519537100000	0
4.73650564200000	1.95883561100000	0
4.75006053800000	3.50987102300000	0
4.76371066500000	-18.2181844000000	0
4.76826293000000	2.64900011300000	0
4.77679072800000	25.7277664500000	0
4.77880882700000	2.01671333500000	0
4.78728800900000	27.8070969600000	0
4.78902495400000	1.54797372700000	0
4.79307235000000	2.07275182700000	0
4.81702085000000	4.85828410600000	0
4.84810826800000	6.86713760400000	0
4.85156760500000	3.32227295200000	0
4.87468122900000	3.83454143800000	0
4.91807830600000	4.70051193300000	0
4.92393389200000	2.68126240800000	0
5.00055578900000	1.71829652300000	0
5.00498035000000	28.7517315200000	0
5.01274477600000	3.52546786600000	0
5.04652564200000	-19.8188120300000	0
5.09384289200000	3.00129473400000	0
5.09567440700000	5.54765011500000	0
5.13933403700000	4.87012104300000	0
5.15916684200000	4.47106257800000	0
5.16393558600000	1.83296492300000	0
5.21526881900000	3.20270662500000	0
5.21634868100000	6.91827424400000	0
5.22338186100000	2.04617812100000	0
5.23081561300000	30.7739781900000	0
5.38345330900000	-20.2504241900000	0
5.40656943500000	2.40228750400000	0
5.42776330700000	26.8880838300000	0
5.42957350400000	6.21412440100000	0
5.44415856200000	6.97884304300000	0
5.45670411700000	3.36935187400000	0
5.48903846100000	2.15705750000000	0
5.51264573300000	3.13652120000000	0
5.55115881500000	6.80558558500000	0
5.65980647000000	2.48817345000000	0
5.66031433700000	-18.5971803100000	0
5.66777831200000	3.66842231400000	0
5.66981250100000	-18.5067217600000	0
5.68233061300000	-19.2212748900000	0
5.69009332500000	3.23393102800000	0
5.70864819200000	3.31346309900000	0
5.73057812300000	2.52821422900000	0
5.73355400500000	-18.4465483000000	0
5.75794245900000	26.1018515400000	0
5.79394597900000	5.40985167400000	0
5.83051733700000	28.2684627000000	0
5.83205312000000	-16.9481012700000	0
5.83663316000000	2.69942652200000	0
5.88734430000000	3.32381211800000	0
5.89779464000000	27.8560024200000	0
5.94048582100000	5.50378137700000	0
5.97058301700000	-17.7597788600000	0
6.00013073600000	3.69824329800000	0
6.10677358800000	5.54487261400000	0
6.11512548600000	3.91701747100000	0
6.20413411300000	4.86638981100000	0
6.21500083000000	3.25687746900000	0
6.23386378700000	-19.2956547900000	0
6.28439857100000	3.32793975000000	0
6.36089146000000	5.18576542800000	0
6.36894597300000	3.98316650600000	0
6.42234170600000	5.26896964700000	0
6.57342695400000	6.40397954400000	0
6.58828084700000	-18.9285893900000	0
6.62512480300000	-18.7608148500000	0
6.67875730800000	-18.1206757300000	0
6.68804921500000	3.85534491100000	0
6.75064324000000	25.9952855400000	0
6.78402950400000	9.12623084100000	0
6.79270440700000	4.55598644200000	0
6.87129173500000	-19.8633801700000	0
7.00783816100000	5.68773454500000	0
7.18651056800000	8.24610746900000	0
7.46858719100000	-18.2258938800000	0
7.48828682400000	26.6598669100000	0
7.50973995000000	23.8268184900000	0
7.58151515600000	-18.7111966700000	0
7.59848768800000	-17.4682602300000	0
7.72615558100000	28.6434752600000	0
8.12147948000000	27.3285293700000	0
8.12690151300000	26.8041755800000	0
8.21527932600000	-19.1116749400000	0
8.33678140800000	26.1865126500000	0
8.49348022000000	-19.0887524400000	0
8.55675055400000	-17.3222136800000	0
8.68385177400000	24.7839314100000	0
8.80829896500000	26.8949889500000	0
8.84076312700000	-18.4693470000000	0
9.13506460000000	23.3590037200000	0
9.17740659100000	25.2134619400000	0
9.18683777000000	-18.3967812500000	0
9.37944439700000	-18.2207179100000	0
9.47296663700000	24.3463034300000	0
9.50705617300000	25.6590213500000	0
9.60961996400000	22.0784093200000	0
9.81866890400000	27.0467654000000	0
9.99494760700000	23.8470911700000	0
10.2713160300000	23.7028255300000	0
10.4517896300000	-18.3504416500000	0
10.7400899200000	-16.7686012000000	0
10.8364973700000	-16.7160919500000	0
10.8788130800000	24.9629901400000	0
11.2777950800000	-16.3349489300000	0
11.4092013700000	-17.1448015600000	0
11.5197317700000	22.5911033500000	0
11.7655868900000	-17.3721285500000	0
11.7872485300000	-16.7151916300000	0
11.8036482900000	26.7071132800000	0
12.1919612200000	-17.0966579700000	0
12.5094268900000	-16.5026459800000	0
12.5309667000000	22.8647435700000	0
12.6762690900000	-16.1460984800000	0
12.7685109600000	21.5156453300000	0
13.1900678800000	-15.6673856900000	0
13.2270526300000	23.9952803400000	0
13.3222557100000	25.1981502800000	0
13.3496550200000	22.8685502600000	0
13.4818593800000	23.0484870600000	0
13.4914027100000	-15.7286480100000	0
13.4972750700000	24.3607815900000	0
13.6229376900000	23.8991383000000	0
13.7896599800000	-15.3871375300000	0
13.8676899900000	21.2150662400000	0
13.8887117100000	-15.9848361700000	0
13.8967590100000	-15.6659568200000	0
13.9273860500000	-15.8110661400000	0
13.9309039700000	-15.5767548500000	0
14.3691827300000	-14.4279240200000	0
14.4166213600000	-14.9649628700000	0
14.8794469100000	22.2161176800000	0
14.9853757200000	21.5396575000000	0
15.2833181600000	25.8068237200000	0
15.3247611700000	-14.1014253500000	0
15.5240450600000	-14.4648645300000	0
15.6006135800000	-14.1895189600000	0
15.6038456500000	18.8359040500000	0
15.6349542700000	-14.2301539700000	0
15.7174189600000	-14.1397340000000	0
15.8732678500000	19.1305018900000	0
15.8891376600000	-13.6685100400000	0
16.0033677700000	-13.6677422800000	0
16.0176989200000	20.1174291700000	0
16.1327133000000	21.1209343200000	0
16.2074676700000	-13.7234372500000	0
16.2496562100000	23.1604893000000	0
16.2795130300000	23.0812110000000	0
16.2940756800000	19.4103708300000	0
16.4835587300000	19.0520728600000	0
16.4838372300000	18.5750640900000	0
16.5271654100000	-13.4286679700000	0
16.6179463700000	-12.6882924800000	0
16.7263694700000	-13.2504856300000	0
16.8182471000000	-13.0650779600000	0
16.8980244700000	20.4287123500000	0
16.9442992100000	-12.8008996700000	0
16.9607974600000	24.3981985600000	0
17.1038013300000	-12.6881188400000	0
17.1712910000000	-12.8160249500000	0
17.2107403800000	-12.7495701700000	0
17.2814089100000	17.9377367100000	0
17.3444536000000	-12.6404600700000	0
17.4399756700000	-12.2686063000000	0
17.5041890700000	18.2120255700000	0
17.5419040400000	-12.4446121400000	0
17.6303563000000	20.3576651300000	0
17.6698719500000	20.8222245800000	0
17.8371926800000	15.7006977200000	0
17.8962341900000	17.1378467900000	0
17.9045343900000	16.7614098500000	0
17.9102141400000	14.2550509300000	0
17.9764291200000	-12.0109809100000	0
18.0088034700000	-11.5676503300000	0
18.0374435000000	-11.7324965800000	0
18.1005103900000	18.1538016900000	0
18.2276283700000	-11.6431574500000	0
18.3556199500000	-11.4709294800000	0
18.4542324900000	-11.3677442200000	0
18.4670435200000	18.1730306700000	0
18.5253268800000	19.6427698300000	0
18.5398245900000	-9.23626672900000	0
18.5605183500000	-11.3642645800000	0
18.9724283000000	-10.8194269300000	0
18.9994328900000	-9.59839108200000	0
19.0029018400000	-9.97266851000000	0
19.0053984400000	-10.8839977200000	0
19.0531086900000	-10.8799873900000	0
19.1238743800000	14.0794522000000	0
19.1318485800000	-9.68019603000000	0
19.1391345900000	-10.5941575600000	0
19.1551176700000	-10.1172147100000	0
19.2860587100000	17.1437436400000	0
19.3096334700000	-10.3451583800000	0
19.3733384200000	-8.64635222700000	0
19.4414340200000	-10.0295339100000	0
19.4956926500000	13.3714944000000	0
19.6133762000000	19.6100142500000	0
19.6447816400000	15.5680239700000	0
19.6697334700000	15.8776570200000	0
19.6751874800000	-10.0460757800000	0
19.6826436800000	-10.2274265200000	0
19.7284289200000	14.2395499400000	0
19.8700288000000	15.9586541800000	0
19.8801899400000	14.6420256600000	0
20.0288177100000	15.1826401400000	0
20.1747644800000	12.1758839000000	0
20.1967848800000	-8.28115678300000	0
20.2949669200000	-8.96083429900000	0
20.2954723700000	5.55946016800000	0
20.3463152900000	-8.00371684600000	0
20.3757968400000	-8.89951518200000	0
20.3821984200000	-8.74860743200000	0
20.4015194800000	-7.98780254100000	0
20.4021701000000	-5.81685391300000	0
20.4611451300000	-8.54187156300000	0
20.4635638800000	-8.90002323800000	0
20.4923797100000	16.6554384800000	0
20.4937317600000	8.88586376000000	0
20.5342377800000	-7.15502471000000	0
20.5408824200000	-7.15201128700000	0
20.7063498500000	-6.01861080400000	0
20.7613517500000	18.6923258100000	0
20.8026345100000	14.8105099700000	0
20.8548238100000	-8.28783262200000	0
20.9147454700000	13.9553160400000	0
20.9246095900000	16.1985513700000	0
20.9572854700000	12.3997250800000	0
21.0146161900000	7.54696763600000	0
21.1594152300000	16.7814283500000	0
21.1634668700000	-5.73861255000000	0
21.3917969100000	-4.65288327700000	0
21.4704958000000	-8.19951511100000	0
21.4718285600000	-3.42397621600000	0
21.5134535800000	-4.31673942100000	0
21.5228136900000	-5.39842932700000	0
21.5570632300000	-7.07453621000000	0
21.5830815500000	15.5915884800000	0
21.6334202000000	-6.22784790000000	0
21.6718715500000	-2.53295777700000	0
21.7058132700000	10.9104486100000	0
21.7178799000000	12.6428171500000	0
21.7628591000000	4.41177606600000	0
21.8166092900000	-6.16325538600000	0
21.8211502300000	5.77827400500000	0
21.8217974000000	7.05175688100000	0
21.9224430400000	8.81291084500000	0
21.9338855300000	3.95704740900000	0
21.9477516200000	-6.96993029000000	0
21.9488085500000	-4.24846270600000	0
21.9550320800000	-2.36654652100000	0
22.0320182800000	-6.14811122900000	0
22.0548176600000	-6.36915986700000	0
22.0742347200000	-5.54114269900000	0
22.2215752400000	5.76417989000000	0
22.2415492900000	11.7435826200000	0
22.2880291200000	-3.00895717700000	0
22.3018274800000	9.58963248100000	0
22.3087720400000	12.9230368200000	0
22.3374226400000	-5.55734620600000	0
22.3616789000000	12.0029322000000	0
22.3728259300000	11.3872249100000	0
22.4224057100000	13.4429449500000	0
22.4250844300000	16.9020398600000	0
22.5538675600000	-0.532873402000000	0
22.5641329100000	0.882478860000000	0
22.5694746100000	-3.71474810300000	0
22.5942963500000	-2.94768660300000	0
22.6131948600000	-4.37427681900000	0
22.6476808500000	6.10145066900000	0
22.7236455900000	11.8247728900000	0
22.7803106400000	13.6882513700000	0
22.7870603500000	-0.804991180000000	0
22.8145326800000	7.65272691300000	0
22.8329788400000	8.46741454200000	0
22.9228438700000	1.86574007900000	0
22.9653659000000	-4.07222520000000	0
23.0179785300000	3.58231696800000	0
23.0483101400000	-4.49104732100000	0
23.0554069500000	-3.46476386300000	0
23.0566667800000	0.0232328500000000	0
23.0765360100000	-3.10437658200000	0
23.0781711300000	-1.93469113600000	0
23.1340071800000	1.31933481700000	0
23.1512276400000	10.4235357000000	0
23.2781847000000	-0.969301761000000	0
23.3572686800000	9.83657335100000	0
23.4231451400000	-2.82474722700000	0
23.4316106800000	15.8593447500000	0
23.4733306100000	5.49931409200000	0
23.5478563800000	7.10803793400000	0
23.6180552100000	1.99439363600000	0
23.6235370000000	-1.79397772400000	0
23.6737992300000	-0.163714714000000	0
23.6990311600000	4.76157142700000	0
23.7079542000000	-2.20390958100000	0
23.7259453100000	1.16642530700000	0
23.7377655700000	1.30284928200000	0
23.7726689600000	9.47014794600000	0
23.7923679000000	-0.559381477000000	0
23.8274638600000	1.38276699100000	0
23.8359462400000	-1.73024897600000	0
23.9488704100000	-1.50356110900000	0
24.0154857400000	-1.96852529000000	0
24.0696525800000	-0.0106976380000000	0
24.1569770900000	-1.98234855300000	0
24.1574674000000	1.28320735800000	0
24.2135495400000	-1.09087286300000	0
24.2235115200000	6.98783433300000	0
24.2289243300000	4.12163387400000	0
24.2787293400000	-1.28258369600000	0
24.3233822900000	10.6306238700000	0
24.3878841200000	-0.451646060000000	0
24.4140881600000	1.37033375600000	0
24.6179265000000	0.872083885000000	0
24.6416585800000	5.27861117100000	0
24.7092859300000	1.69809524200000	0
25.3382926500000	4.98868331200000	0
26.3227943800000	5.44589175500000	0
