-4.75700624300000	-3.77282724700000	1
-4.65627175800000	-2.80738046800000	1
-4.63809510200000	-2.94094085000000	1
-4.57192396700000	-4.66002305400000	1
-4.21766833200000	5.70983950000000	1
-3.91747983900000	5.24732126900000	1
-3.70495873700000	5.36373283700000	1
-4.07941870800000	5.93947468500000	1
-3.05843787700000	3.19514962900000	1
-2.93059031900000	-5.86615825300000	1
-2.86226879100000	2.57869195500000	1
0.904170571000000	5.57539166800000	1
-2.54905134900000	0.0173900670000000	1
-2.62287260300000	3.18809388000000	1
-2.01928612600000	0.716686510000000	1
-2.59469831400000	-5.84638585200000	1
-2.02575707900000	0.719546324000000	1
-1.93109141000000	2.67030519800000	1
-0.876245124000000	4.34852200400000	1
-1.56191415200000	-2.49885645600000	1
-1.43408820000000	-5.24508217800000	1
-1.39121951100000	-2.46482053500000	1
-1.37743995500000	-5.10572882500000	1
-1.31729556000000	4.73845941500000	1
-1.20770069300000	-5.21658496800000	1
-0.719010322000000	-0.711143634000000	1
-0.419063512000000	1.95684727800000	1
-0.253275679000000	-4.22927729900000	1
-0.199271219000000	5.46030365300000	1
-0.139771951000000	5.50045040900000	1
0.296532810000000	-5.26690467800000	1
0.814917667000000	0.735767615000000	1
0.00947295700000000	-2.24494872600000	1
0.661245850000000	-1.33984377100000	1
0.978274853000000	5.35005572300000	1
1.00785825900000	-1.18028113800000	1
1.35686882800000	-4.71277776400000	1
1.45113802500000	-2.47692369200000	1
1.53172991200000	-3.07128896100000	1
1.56152183900000	-4.55206238900000	1
1.59452813000000	-4.10813792700000	1
1.80649110600000	1.02776520100000	1
2.26823604400000	1.21488542600000	1
2.37489700800000	-1.53868322800000	1
2.45909344900000	-1.14098407100000	1
2.79418023100000	-1.81888250100000	1
2.87810007100000	5.26063589600000	1
3.09278236500000	5.40773821400000	1
3.49979973900000	3.94363068300000	1
3.62186708700000	0.794881029000000	1
3.55818516600000	5.80501347100000	1
3.57479771600000	0.450244602000000	1
3.64547764600000	3.21765335200000	1
3.81480713600000	3.35148472700000	1
4.24955217900000	1.75579087400000	1
4.03025454000000	1.76975801400000	1
4.67733332000000	-1.96780179200000	1
4.95334135400000	-2.76429937600000	1
-4.61030000000000	2.22100000000000	1
-3.73220000000000	0.00140000000000000	1
-3.30910000000000	-1.85110000000000	1
-4.99646818700000	3.81011002600000	0
-4.99234084700000	3.72730228900000	0
-4.98435411600000	4.26163354900000	0
-4.98419920400000	3.84329125700000	0
-4.97756050700000	3.45538391200000	0
-4.96789586500000	1.30602417500000	0
-4.96307459700000	4.57928310000000	0
-4.96269542700000	1.35470053700000	0
-4.95576239000000	0.608428548000000	0
-4.95518871600000	1.22495613000000	0
-4.95368319800000	1.67016110700000	0
-4.94706653800000	0.795700971000000	0
-4.94298878100000	4.43808983600000	0
-4.94247956900000	0.761008557000000	0
-4.94135046400000	-0.0765576250000000	0
-4.92737248800000	0.583463784000000	0
-4.92723742700000	3.41330349000000	0
-4.92603985600000	1.69334361400000	0
-4.92172259100000	4.03677965400000	0
-4.91988614000000	0.864482643000000	0
-4.91665730500000	0.170241715000000	0
-4.91618617900000	3.86750304700000	0
-4.90798824200000	0.754751187000000	0
-4.90683272000000	3.39673005600000	0
-4.90457928000000	3.75054786300000	0
-4.89664673800000	0.285584674000000	0
-4.88395978000000	0.157701105000000	0
-4.86753960100000	0.513773312000000	0
-4.86466589800000	1.22496837600000	0
-4.86304182300000	0.796198955000000	0
-4.86130696000000	3.65541740800000	0
-4.85407184600000	3.08435880100000	0
-4.85365262300000	0.278476403000000	0
-4.85302069700000	-0.334197940000000	0
-4.84161232100000	0.778165099000000	0
-4.83531429900000	1.13508013300000	0
-4.81850157000000	0.361020341000000	0
-4.81693773800000	-0.0996184730000000	0
-4.81544360500000	4.35690918000000	0
-4.80544767800000	0.505196970000000	0
-4.80022649300000	3.89612610000000	0
-4.79825053100000	0.352040464000000	0
-4.79743021500000	1.59409081300000	0
-4.79410480900000	1.18585993600000	0
-4.78956709200000	4.63096063600000	0
-4.78626694100000	-0.202849877000000	0
-4.78210306500000	4.20804086600000	0
-4.78060210600000	3.70402866300000	0
-4.78020780300000	4.05941683800000	0
-4.77962636200000	4.58990480000000	0
-4.76651949300000	1.47075206600000	0
-4.76608110800000	-0.474391432000000	0
-4.76201431600000	0.0543183880000000	0
-4.75246413600000	3.07074755800000	0
-4.73389084900000	4.22584654700000	0
-4.73122634700000	0.431846050000000	0
-4.72004078100000	-0.290034556000000	0
-4.71625737600000	0.0487430640000000	0
-4.70864198600000	0.0217128840000000	0
-4.70418311400000	4.56719048600000	0
-4.69858528100000	3.90384726100000	0
-4.69604718000000	0.359368197000000	0
-4.67774582600000	4.53696438700000	0
-4.67434368300000	-0.534126623000000	0
-4.66906389000000	-0.528729555000000	0
-4.65790281800000	4.36815193800000	0
-4.65751244000000	0.569897578000000	0
-4.65051546200000	4.43055808000000	0
-4.65012339600000	-0.208544491000000	0
-4.64771581800000	4.27996247600000	0
-4.64698639200000	-1.42159194400000	0
-4.64480539600000	-0.349698280000000	0
-4.64095995500000	0.114977854000000	0
-4.63609496100000	3.97520089300000	0
-4.63598623600000	4.09978076800000	0
-4.62606597000000	3.94650848400000	0
-4.62576259900000	4.33752885700000	0
-4.62412356400000	-0.0646726240000000	0
-4.61791759600000	3.29738764700000	0
-4.61040032600000	-0.144538645000000	0
-4.60180788100000	-0.621045442000000	0
-4.59919606600000	3.29169950600000	0
-4.59309989400000	-0.498691937000000	0
-4.58986877000000	3.39566605100000	0
-4.58645711700000	0.269015945000000	0
-4.57841232900000	3.29510512800000	0
-4.57706208600000	4.06118039600000	0
-4.57565240300000	0.438036163000000	0
-4.56953370200000	-0.173541433000000	0
-4.56909019500000	-0.633869362000000	0
-4.55909502000000	-0.767879792000000	0
-4.55858885800000	4.13019818000000	0
-4.55418610200000	4.32953031300000	0
-4.55029516200000	4.08656526100000	0
-4.54318234000000	3.79356820100000	0
-4.53872085500000	-1.14741310900000	0
-4.53827716400000	-0.289976226000000	0
-4.53576323600000	-1.13284020400000	0
-4.53011965600000	4.07627396000000	0
-4.51483632000000	-0.776145219000000	0
-4.51316369900000	3.93278238300000	0
-4.51206521100000	2.99995354100000	0
-4.51030189600000	4.46601071500000	0
-4.50590873100000	-1.48416828500000	0
-4.50350761900000	0.244338907000000	0
-4.48941197000000	4.58319183100000	0
-4.48312161300000	-1.15677390800000	0
-4.48239680400000	-1.86871020800000	0
-4.46860013800000	4.54314538900000	0
-4.46750871600000	-1.68629587800000	0
-4.46530548400000	3.77112222100000	0
-4.46419670000000	4.51198121300000	0
-4.46126952300000	3.21986053600000	0
-4.45952955200000	-1.03391884700000	0
-4.45794087400000	-1.67094881600000	0
-4.45296475200000	-1.52418933400000	0
-4.44224328000000	-1.31135707400000	0
-4.43473383300000	-1.62164122500000	0
-4.43363226300000	-1.31678182600000	0
-4.43120404100000	3.06175424600000	0
-4.43077460200000	3.80148904200000	0
-4.43064157900000	3.63185853100000	0
-4.42447928000000	-1.45912670500000	0
-4.41854080700000	4.41622190900000	0
-4.41686335500000	3.31797957400000	0
-4.41224364300000	3.43303913400000	0
-4.40776009100000	3.74670027100000	0
-4.40675355300000	-1.02296872400000	0
-4.40318554400000	-1.16562107000000	0
-4.39854476800000	-0.185464231000000	0
-4.39232061400000	-1.11030543300000	0
-4.39130561200000	-1.04709425000000	0
-4.38915302300000	-0.663857445000000	0
-4.38788587000000	-1.17480905000000	0
-4.36877433400000	3.72620728000000	0
-4.36329535700000	3.76423986400000	0
-4.35820521600000	-1.01978806200000	0
-4.35058660100000	3.39923170400000	0
-4.34896178100000	-1.16986218500000	0
-4.34827810400000	-1.38403734100000	0
-4.34603842900000	3.75833901100000	0
-4.34293879400000	3.87802622600000	0
-4.33521261000000	-0.750922928000000	0
-4.33431904500000	3.37375849100000	0
-4.33078048800000	-1.71571255400000	0
-4.32888811700000	-1.77293630000000	0
-4.32870988700000	-1.11834914600000	0
-4.32837204800000	-1.45726643400000	0
-4.32009140700000	4.35785028000000	0
-4.31415028600000	4.04086033700000	0
-4.30731756100000	3.29623466700000	0
-4.30508107600000	-1.03650094900000	0
-4.29331269100000	3.54072783400000	0
-4.28679816400000	3.07649578200000	0
-4.28227323800000	3.49582509500000	0
-4.27768710300000	-1.36444507000000	0
-4.27280410900000	3.46210428400000	0
-4.27053111400000	3.97886015100000	0
-4.27001850200000	-1.16084995200000	0
-4.26869197500000	3.97409376400000	0
-4.25908158100000	-1.24606534000000	0
-4.25817993500000	-2.28642198600000	0
-4.24558891200000	3.03720301600000	0
-4.23523001400000	4.56055884900000	0
-4.21210792800000	-2.23558499100000	0
-4.20554652800000	4.43415846500000	0
-4.20136091500000	3.84105260500000	0
-4.20114588500000	3.65166937000000	0
-4.19994231100000	3.47482504300000	0
-4.19898551000000	-1.60711662900000	0
-4.19139469000000	-2.18074339300000	0
-4.19113108700000	-2.41239416200000	0
-4.18672784700000	-1.55471587200000	0
-4.18089359300000	-1.26217840800000	0
-4.17674785700000	3.50837842400000	0
-4.17610744700000	3.57923215300000	0
-4.17487254100000	-2.38763589600000	0
-4.16767613000000	-2.05520352100000	0
-4.16376235000000	4.14841894400000	0
-4.15922023400000	-2.62676421700000	0
-4.14485140200000	-2.50058616200000	0
-4.14465654200000	3.48978031400000	0
-4.14187243200000	3.34762441200000	0
-4.13839511300000	-1.46470836100000	0
-4.13280826800000	-1.58400375200000	0
-4.11901156700000	-2.48266114400000	0
-4.11833654900000	-1.39784605600000	0
-4.11139254500000	-3.00068568500000	0
-4.10110569800000	-3.45584337000000	0
-4.09623509000000	-2.18565179000000	0
-4.09256544200000	3.66350475000000	0
-4.08530744700000	-3.06367142900000	0
-4.08512936000000	-1.99935915600000	0
-4.08133224600000	3.83674827700000	0
-4.07987204100000	-1.39817831800000	0
-4.07266422600000	-1.08180249400000	0
-4.06326563600000	-2.08069308500000	0
-4.05692955200000	4.03014864000000	0
-4.04134141500000	-2.52045192900000	0
-4.03722976800000	2.61455701500000	0
-4.03144812400000	3.32218736400000	0
-4.03019704200000	-2.18238533600000	0
-4.02514600900000	-3.27646101100000	0
-4.02167570500000	-2.79422248200000	0
-4.00941918400000	-2.83271764400000	0
-4.00275950300000	2.92129720800000	0
-4.00192365300000	3.06583297000000	0
-4.00185449700000	-2.83475346600000	0
-3.99389707000000	-1.95786953200000	0
-3.98791683800000	3.93524345800000	0
-3.98469334500000	2.65103259100000	0
-3.98352704700000	3.72704035200000	0
-3.98270866100000	3.15620447100000	0
-3.98130592900000	3.09207719600000	0
-3.97845055200000	-2.74637418900000	0
-3.97129641800000	-3.60186266400000	0
-3.96902934900000	2.90483113900000	0
-3.96493496100000	2.64701885600000	0
-3.96413918600000	3.63583584300000	0
-3.94911434500000	-2.76662029500000	0
-3.94481445700000	2.58945313600000	0
-3.93520652100000	-2.62747662800000	0
-3.93162171100000	-2.45176359900000	0
-3.92341045000000	3.40119968800000	0
-3.91801878300000	2.51400195500000	0
-3.91089749500000	2.94550247200000	0
-3.90342105600000	2.04382985600000	0
-3.90206433400000	2.44999411200000	0
-3.89532735800000	-3.87233609400000	0
-3.89452212300000	-3.64844005000000	0
-3.89389267400000	2.72007283100000	0
-3.88619378400000	3.34079486200000	0
-3.88574521500000	2.79186061300000	0
-3.88129148400000	2.62890589400000	0
-3.87724457500000	3.29141284200000	0
-3.87710929800000	-3.58384287400000	0
-3.87078094500000	2.57820024200000	0
-3.84646094900000	2.16954626300000	0
-3.82805734900000	-2.65365620300000	0
-3.82459319900000	2.45677360100000	0
-3.82170060900000	3.19616870600000	0
-3.81689552700000	2.51235826600000	0
-3.81076302800000	-3.04122953800000	0
-3.80437239300000	-2.56335076400000	0
-3.79178319600000	2.97232353500000	0
-3.78232382700000	-2.69800221000000	0
-3.78068310000000	-2.83300208300000	0
-3.77944083400000	3.27450628800000	0
-3.77055408400000	2.57541269700000	0
-3.76643990400000	-2.26093023600000	0
-3.76599839200000	2.82554819600000	0
-3.76218882900000	2.58399293500000	0
-3.75573281000000	-2.54231295400000	0
-3.75406223800000	2.83865661800000	0
-3.75252416800000	-2.95016859300000	0
-3.74776605100000	-3.78404706700000	0
-3.74278920500000	-3.08842944500000	0
-3.73303636000000	-2.95303479000000	0
-3.72944742900000	-3.10114392900000	0
-3.72208302400000	-3.52656533900000	0
-3.71407297400000	-3.44118368800000	0
-3.69671542400000	1.60808213800000	0
-3.69086575500000	2.76810146500000	0
-3.69058481400000	-3.22968629400000	0
-3.67951226400000	2.41081268000000	0
-3.67483150200000	1.99470330100000	0
-3.67268232400000	2.26435832800000	0
-3.67263815800000	-3.83127427700000	0
-3.67119183300000	-4.03393862800000	0
-3.66004554800000	-3.93117272800000	0
-3.65330217900000	-3.46280700400000	0
-3.63694219200000	-2.31607321900000	0
-3.63543976800000	2.18810286700000	0
-3.63543279700000	1.57941662200000	0
-3.63221598800000	2.54303110200000	0
-3.63139040800000	-3.71051204100000	0
-3.62827225100000	2.42174560200000	0
-3.61605567600000	1.79126345300000	0
-3.61389206700000	1.72326218400000	0
-3.61126456600000	2.38283583300000	0
-3.60865083100000	2.40459905700000	0
-3.60529817600000	-3.99811384500000	0
-3.60439009500000	-2.76718883600000	0
-3.60183700500000	1.47454474200000	0
-3.59671109600000	-3.91977939900000	0
-3.59235448300000	-2.50935790700000	0
-3.59151083500000	-3.81500631400000	0
-3.58453026300000	-3.18173446400000	0
-3.58411194500000	2.34741868800000	0
-3.58324395500000	1.99616495400000	0
-3.58029670800000	2.32914704600000	0
-3.57334690900000	-3.64005470300000	0
-3.56651597700000	-3.05449264100000	0
-3.56346410900000	3.01424940600000	0
-3.56330365900000	-3.36838653400000	0
-3.55077004500000	1.20782771300000	0
-3.54498796400000	-4.23267042000000	0
-3.54429047800000	-3.25425674200000	0
-3.54081662800000	1.60041709000000	0
-3.53572877100000	2.22745515000000	0
-3.53387474300000	1.16002360400000	0
-3.53117645000000	-3.49362965900000	0
-3.53038143100000	1.74176961500000	0
-3.51912298500000	0.710919457000000	0
-3.51436261800000	1.66881330200000	0
-3.51346455000000	2.02530706100000	0
-3.51321409000000	1.86618935500000	0
-3.50625058600000	-3.27448917500000	0
-3.50095939100000	-3.59316661100000	0
-3.49680807900000	-3.78902746900000	0
-3.48435807500000	1.34929964400000	0
-3.47903247700000	-4.10703807900000	0
-3.47826920900000	1.39897868100000	0
-3.47732502500000	0.782994274000000	0
-3.47388001200000	1.61649771000000	0
-3.47369205900000	1.73809964100000	0
-3.46372894000000	-4.42821759500000	0
-3.46117613400000	1.44435936600000	0
-3.45287597300000	-4.01640027800000	0
-3.44791146900000	1.14845831300000	0
-3.44244004200000	1.59685888400000	0
-3.44196941900000	-4.31761079300000	0
-3.44055061700000	-5.17789818700000	0
-3.43877328100000	1.73507849900000	0
-3.43727902500000	1.50687892200000	0
-3.43537133400000	-3.70565279300000	0
-3.43528486300000	1.28095913500000	0
-3.42955175300000	-4.06585986100000	0
-3.42804584000000	-4.19667715300000	0
-3.42297231800000	1.96120516300000	0
-3.42081412200000	1.56951364200000	0
-3.41677260400000	-3.53783912800000	0
-3.40536747100000	1.93519571200000	0
-3.40148113400000	0.766752867000000	0
-3.39746911300000	1.63515444000000	0
-3.39443574900000	0.907257869000000	0
-3.38861032400000	-4.84213387900000	0
-3.38757235300000	1.33492024200000	0
-3.37946124800000	0.500152363000000	0
-3.37489961900000	-3.69576413000000	0
-3.36067264200000	1.53919871400000	0
-3.35487232300000	0.327054727000000	0
-3.35158067300000	-4.18199512600000	0
-3.35026370100000	1.30773512800000	0
-3.34566997800000	1.75553237900000	0
-3.34226688400000	-0.0390845510000000	0
-3.34225582000000	-4.90341489200000	0
-3.34104198300000	0.257437583000000	0
-3.32795457000000	-3.41232583500000	0
-3.32473014500000	0.697727226000000	0
-3.30775711700000	-4.49864213800000	0
-3.30557344200000	-3.76134449800000	0
-3.30326341600000	-4.09211278300000	0
-3.29364629900000	0.589195606000000	0
-3.28621204500000	1.42288973100000	0
-3.27340246900000	0.605386773000000	0
-3.27156701400000	0.533067881000000	0
-3.26646747100000	1.27580022400000	0
-3.26335413800000	0.0815342110000000	0
-3.26323151400000	0.757509208000000	0
-3.26319832400000	0.452115903000000	0
-3.26300015900000	-4.83260255700000	0
-3.24027367900000	-3.90552935900000	0
-3.23391081800000	1.07332790500000	0
-3.22569541900000	0.590685791000000	0
-3.21756499400000	0.487383591000000	0
-3.21658967300000	0.752474243000000	0
-3.21610411200000	0.153434909000000	0
-3.21317979100000	0.943548167000000	0
-3.21211296600000	-3.78731578500000	0
-3.21114037200000	-3.79968800900000	0
-3.19656879600000	1.03241438800000	0
-3.19434033700000	-4.37641879800000	0
-3.19097238800000	-0.0627612420000000	0
-3.18694694400000	-0.308297902000000	0
-3.18126469200000	-3.53123106800000	0
-3.18061758500000	-4.36383183800000	0
-3.17317322100000	0.520373125000000	0
-3.17199085600000	-3.35659683700000	0
-3.16858545900000	-4.01855352100000	0
-3.16795818500000	-3.99061897900000	0
-3.16273306700000	-4.24612681700000	0
-3.16093167500000	-3.49061867700000	0
-3.15279815800000	-3.75348273800000	0
-3.14720507000000	-4.18691100300000	0
-3.13556892300000	0.418081894000000	0
-3.13324803000000	-4.42986565600000	0
-3.12762152900000	-4.30073283100000	0
-3.12680383900000	-0.708465817000000	0
-3.12680352200000	-4.33053741500000	0
-3.12473543700000	-3.69855229100000	0
-3.12025132800000	-4.13409682600000	0
-3.11953617000000	0.271230229000000	0
-3.11898985900000	0.318940896000000	0
-3.11702323800000	-4.33595121200000	0
-3.11602963600000	0.454223760000000	0
-3.10300771400000	-0.914984288000000	0
-3.08925170000000	-3.74246563200000	0
-3.08889343600000	0.0606023820000000	0
-3.08785591300000	0.722188546000000	0
-3.08590822600000	-0.0892543740000000	0
-3.07554259200000	-0.0808174230000000	0
-3.07440605000000	-4.58928351100000	0
-3.07078785000000	-0.586089602000000	0
-3.06958099800000	-0.273164727000000	0
-3.06387800000000	-0.195526489000000	0
-3.06327364400000	-3.70656537300000	0
-3.05873497600000	-1.14044613000000	0
-3.05656513000000	-0.0674836170000000	0
-3.05281511300000	-4.21004487600000	0
-3.04123685200000	-3.64027604600000	0
-3.03336968600000	-0.420224050000000	0
-3.03301325100000	-4.05548683100000	0
-3.02895128300000	-4.19277827900000	0
-3.02336473900000	-4.54572360200000	0
-3.02232553700000	-4.59512031200000	0
-3.01979159900000	0.194518546000000	0
-3.01328297700000	-4.69778987600000	0
-3.00211643100000	-3.45949877000000	0
-2.99966369300000	-3.65552728000000	0
-2.99712033900000	-1.06165217300000	0
-2.98925399100000	-0.204618298000000	0
-2.98708231000000	-1.60923260500000	0
-2.98599179400000	-3.18915737400000	0
-2.97468328800000	-1.49257419900000	0
-2.96846600200000	-0.796449583000000	0
-2.96046906200000	-4.18361827000000	0
-2.95774851500000	-0.282465315000000	0
-2.95546222500000	-3.88490655800000	0
-2.95532600700000	-3.17895241400000	0
-2.94353929100000	-1.15621347500000	0
-2.93635886200000	-1.81141693000000	0
-2.93340782400000	-0.715287209000000	0
-2.92213920700000	-4.28622834200000	0
-2.92187752000000	-4.95385332200000	0
-2.92123210600000	-1.52900475400000	0
-2.92101286400000	-0.131872703000000	0
-2.91846257900000	-0.593097188000000	0
-2.89856954900000	-3.66140857900000	0
-2.89763895800000	-3.65403183400000	0
-2.89038268400000	-4.54477905000000	0
-2.88797717800000	-4.07423319900000	0
-2.88350965600000	-1.40976187600000	0
-2.88214400900000	-3.62839538900000	0
-2.88003649800000	-0.467011215000000	0
-2.87513372000000	-4.16903382600000	0
-2.87459380200000	-3.56318752700000	0
-2.87333006000000	-4.09586707300000	0
-2.85689678000000	-3.69285115000000	0
-2.85641202900000	-3.22269133700000	0
-2.85208851100000	-4.10121540800000	0
-2.84798966700000	-3.30535413000000	0
-2.84097703400000	-1.67408597300000	0
-2.83985002900000	-0.900274727000000	0
-2.83768285100000	-2.07419986300000	0
-2.82647745900000	-2.00038680500000	0
-2.81650573900000	-0.867094240000000	0
-2.81517125200000	-0.758478169000000	0
-2.80331295200000	-2.45684426500000	0
-2.80164737000000	-1.21300903600000	0
-2.79655357600000	-1.09966137000000	0
-2.78374990200000	-1.83287547400000	0
-2.78331809700000	-4.09250988100000	0
-2.78029056700000	-1.42713340900000	0
-2.77633022700000	-2.17872243200000	0
-2.77544457900000	-1.32434391000000	0
-2.76768285300000	-1.14935824600000	0
-2.76531490000000	-1.16681297500000	0
-2.76286417400000	-3.70859705400000	0
-2.76168148700000	-1.75633915400000	0
-2.75903485500000	-1.18664740200000	0
-2.73827923500000	-3.85309923400000	0
-2.73818654200000	-1.13720923500000	0
-2.73042393800000	-0.693070307000000	0
-2.72376341700000	-1.47948237900000	0
-2.72349326900000	-1.21475277100000	0
-2.71978192500000	-2.89753894800000	0
-2.71172295800000	-3.83826701500000	0
-2.70205247400000	-1.22299829700000	0
-2.70027114500000	-3.90145268700000	0
-2.69818085200000	-3.51167770400000	0
-2.69667363700000	-2.33105482900000	0
-2.69323657700000	-1.38006018500000	0
-2.69155775400000	-2.13762068900000	0
-2.68800922000000	-1.76863325900000	0
-2.68654245200000	-2.14882080700000	0
-2.68048139500000	-1.87625281200000	0
-2.68036967600000	-3.72613704700000	0
-2.66982802200000	-3.48737709200000	0
-2.65820978900000	-2.18386542400000	0
-2.65486274400000	-3.44979492700000	0
-2.64888787400000	-2.01954602500000	0
-2.64575162400000	-1.07027376000000	0
-2.64375309900000	-1.72243907300000	0
-2.64055739200000	-2.37602743900000	0
-2.63829555600000	-1.19821612100000	0
-2.63614614700000	-3.23350863300000	0
-2.62661844500000	-1.95547957100000	0
-2.60684456900000	-2.07996136700000	0
-2.60416722200000	-2.05295565100000	0
-2.59951210800000	-1.92005032300000	0
-2.59779082800000	-3.12144896400000	0
-2.58847980300000	-1.62822471800000	0
-2.58716989500000	-2.40891743200000	0
-2.58353531400000	-3.77170875400000	0
-2.57190883200000	-3.35015095900000	0
-2.57166690200000	-3.40588739800000	0
-2.56760416300000	-3.71031775700000	0
-2.56691612100000	-1.96062991500000	0
-2.56659562700000	-3.04045032500000	0
-2.54793237700000	-1.55776315000000	0
-2.54096337800000	-3.37760636300000	0
-2.53940154100000	-1.56121852400000	0
-2.51754178000000	-3.24435159700000	0
-2.51752527400000	-3.37011128800000	0
-2.50516189700000	-1.80350573800000	0
-2.50324321900000	-3.51491891100000	0
-2.49483315500000	-1.03403885600000	0
-2.48423639000000	-4.06792689000000	0
-2.48298640400000	-2.05398897000000	0
-2.47749603800000	-2.85232433300000	0
-2.47522398400000	-2.33354321900000	0
-2.47414141700000	-3.19757036800000	0
-2.47320591900000	-1.37939581400000	0
-2.47009913700000	-3.40783238400000	0
-2.46343776600000	-2.36748626600000	0
-2.46251205700000	-3.69528871100000	0
-2.46220118600000	-2.47510728400000	0
-2.46164343300000	-4.04049485900000	0
-2.45858291400000	-2.07996555400000	0
-2.45398296000000	-2.92509323600000	0
-2.45045089400000	-2.64544104000000	0
-2.44386029400000	-3.52398984800000	0
-2.43070669700000	-1.82208622400000	0
-2.43070610300000	-3.23178138800000	0
-2.41849110200000	-2.90528772200000	0
-2.41349842200000	-3.02965980500000	0
-2.39746257400000	-2.77357583800000	0
-2.39640771200000	-2.65426366500000	0
-2.39625058100000	-2.87445327000000	0
-2.38632819400000	-3.04131383100000	0
-2.38343313100000	-2.56790965500000	0
-2.37604153600000	-2.21014008000000	0
-2.36119411700000	-3.41076981200000	0
-2.35149516300000	-3.49454728700000	0
-2.34201873200000	-1.74603568100000	0
-2.32998681000000	-2.44252530200000	0
-2.32607090800000	-2.13665929400000	0
-2.32344015700000	-2.69276553400000	0
-2.32292796500000	-2.32983004600000	0
-2.31744986500000	-3.04899636300000	0
-2.30442532800000	-2.86151751700000	0
-2.30181299400000	-3.14467996200000	0
-2.30060756200000	-2.64878058900000	0
-2.28586125900000	-2.69015279000000	0
-2.28468137100000	-3.08958327600000	0
-2.28342048600000	-2.68277335600000	0
-2.28147646200000	-3.81465682400000	0
-2.27975887700000	-3.47266904500000	0
-2.27103120900000	-2.92830087700000	0
-2.27077699700000	-3.61954805400000	0
-2.27024431600000	-2.88364140500000	0
-2.26844768300000	-2.95114210700000	0
-2.26654429200000	-3.17977099300000	0
-2.26468431300000	-2.49723719500000	0
-2.26404798700000	-2.96692117500000	0
-2.26226095600000	-2.76373991700000	0
-2.24957177900000	-3.08826443000000	0
-2.24362888800000	-2.26692194900000	0
-2.24148542600000	-1.66271730100000	0
-2.23449242800000	-3.03892117100000	0
-2.23329770800000	-2.44962447300000	0
-2.22690639600000	-2.94656857300000	0
-2.22319562500000	-3.71359878700000	0
-2.21233350000000	-1.92395890500000	0
-2.19248206100000	-3.74961582600000	0
-2.19099080000000	-2.53164210600000	0
-2.18573472900000	-2.66368285500000	0
-2.17599348900000	-2.34224324400000	0
-2.17156943600000	-3.73611354700000	0
-2.16920086400000	-1.46790151500000	0
-2.16617850400000	-2.71013437800000	0
-2.16210064900000	-2.96023880300000	0
-2.15327602600000	-3.27366114900000	0
-2.00143242000000	-0.906989411000000	0
-2.15201697500000	-2.69081790300000	0
-2.14999048300000	-2.90543933100000	0
-2.13391726800000	-2.98119958100000	0
-2.12275112500000	-2.10342335600000	0
-2.11748602300000	-2.86551691200000	0
-2.11546289700000	-3.80126274700000	0
-2.11314505700000	-3.60426994300000	0
-2.09761688000000	-3.20436765400000	0
-2.08928254000000	-1.70735908200000	0
-2.08591823900000	-4.32870960600000	0
-2.08172425600000	-1.35978021700000	0
-2.05777847000000	-3.08622070300000	0
-2.05770052300000	-3.18175621100000	0
-2.05577447100000	-2.85977317300000	0
-2.05488185400000	-2.09215455700000	0
-2.05173376500000	-2.77136051400000	0
-2.05171437700000	-1.38463675000000	0
-2.04850968000000	-1.65400239800000	0
-2.04775180200000	-3.93297972600000	0
-2.04706122200000	-2.87245113900000	0
-2.03903526800000	-3.84152738800000	0
-2.03733525000000	-1.83913221800000	0
-2.02485673800000	-2.33137541600000	0
-2.01930657300000	-3.38218467300000	0
-2.01189510800000	-3.79293743800000	0
-2.01102307800000	-1.59245072000000	0
-2.00992792600000	-3.43992458700000	0
-2.00647305900000	-2.69394220200000	0
-1.99756735900000	-1.99316277200000	0
-1.99491468300000	-1.51257043700000	0
-1.97701305600000	-3.56500900800000	0
-1.96462687100000	-2.32540093600000	0
-1.96183347100000	-1.30930516000000	0
-1.95736375600000	-3.08055150000000	0
-1.95621623000000	-1.72192069100000	0
-1.95530726300000	-1.55506897200000	0
-1.95341063000000	-4.10155823600000	0
-1.94884119300000	-1.46567685000000	0
-1.94819983800000	-3.76248853400000	0
-1.94564853100000	-1.33458725200000	0
-1.94279276800000	-3.51438709400000	0
-1.91250577300000	-3.48026936700000	0
-1.89617944400000	-3.85640154700000	0
-1.89304711100000	-1.74960286800000	0
-1.88058315300000	-0.627776451000000	0
-1.87480691600000	-2.58021513100000	0
-1.87151406400000	-4.38062604400000	0
-1.86739428000000	-3.42296313200000	0
-1.86294402900000	-3.15905089300000	0
-1.85744520700000	-4.10977428200000	0
-1.85511932500000	-4.56293079400000	0
-1.85253731200000	-1.87346528000000	0
-1.85106763800000	-1.74762682300000	0
-1.84266140500000	-3.27825018700000	0
-1.83221728500000	-3.90503793900000	0
-1.82778471100000	-4.17368319300000	0
-1.80541087600000	-1.41266617400000	0
-1.79409670900000	-4.20986523900000	0
-1.79227051800000	-1.56772894700000	0
-1.78112250500000	-0.300175446000000	0
-1.77703168000000	-3.87988938700000	0
-1.77598859200000	0.00610590800000000	0
-1.77432113600000	-0.285015173000000	0
-1.76413474100000	-3.98302206400000	0
-1.76300376400000	-1.14267163400000	0
-1.75195375700000	-3.77293807200000	0
-1.74520625300000	-3.85685030500000	0
-1.74456221100000	0.399533027000000	0
-1.73940280000000	-4.10657682000000	0
-1.73429678400000	0.0897183340000000	0
-1.73123469100000	-3.81526115200000	0
-1.73072488000000	-3.65509929000000	0
-1.72942479400000	-3.48269523000000	0
-1.72836287200000	-4.70039296400000	0
-1.71916976300000	-3.82739672000000	0
-1.71882967200000	-3.50222106700000	0
-1.71814464700000	-0.184364551000000	0
-1.71161567300000	-4.35866295000000	0
-1.71125393100000	-4.25105228600000	0
-1.70663552100000	0.220829703000000	0
-1.70423286500000	-3.54138100400000	0
-1.70058968200000	-3.34392577700000	0
-1.69173868600000	-4.23854883100000	0
-1.68862072300000	0.566314163000000	0
-1.68273732500000	-3.64280111700000	0
-1.67618249500000	-0.945208845000000	0
-1.66287932500000	-4.49167060800000	0
-1.65850640700000	-3.75912559400000	0
-1.65240942700000	-4.22977124800000	0
-1.63683905000000	-4.46369583100000	0
-1.63057613400000	-0.435087167000000	0
-1.62304963700000	-3.72716014600000	0
-1.61903150100000	-4.00418782900000	0
-1.61707301600000	0.332695979000000	0
-1.61193273500000	0.0733135000000000	0
-1.60763665100000	-4.66633494000000	0
-1.60468205300000	-3.31718473200000	0
-1.58746539800000	-4.42163209800000	0
-1.58718772000000	-4.03564260900000	0
-1.58668482700000	0.795808943000000	0
-1.58607307800000	-3.87880025800000	0
-1.58354310600000	-3.01592728200000	0
-1.58330348800000	-3.26625766000000	0
-1.57559818100000	0.183943177000000	0
-1.57446615200000	-4.69002071000000	0
-1.56873415700000	0.190765875000000	0
-1.56364402500000	-3.92704296400000	0
-1.56146507200000	0.227983424000000	0
-1.55533868600000	-3.28647096600000	0
-1.55431322500000	-0.436412766000000	0
-1.54987904900000	-3.67723493300000	0
-1.54804224800000	-3.35569492900000	0
-1.54780761800000	0.0380756290000000	0
-1.54570209800000	-3.56573660600000	0
-1.54168239300000	-4.24139012900000	0
-1.54043940400000	-4.14367337300000	0
-1.54005826000000	-0.208041937000000	0
-1.53543483200000	-0.767551620000000	0
-1.51353668700000	0.207196446000000	0
-1.50892593200000	0.143446147000000	0
-1.50762029200000	-3.88191397600000	0
-1.50737582700000	0.990777795000000	0
-1.49736208100000	-3.82360757300000	0
-1.48849990700000	0.823931373000000	0
-1.48790387000000	-3.52711351600000	0
-1.47611287400000	-4.20626220300000	0
-1.44527667200000	0.428974931000000	0
-1.43877345600000	0.351568633000000	0
-1.43246147800000	0.535734682000000	0
-1.42691029500000	-3.40220031300000	0
-1.42486223000000	-4.14205540300000	0
-1.41673047600000	0.280160899000000	0
-1.41478853500000	-0.204597424000000	0
-1.40946886500000	-4.25720967300000	0
-1.39842033200000	0.212152981000000	0
-1.39797187200000	1.14004338300000	0
-1.38866431300000	1.19621687900000	0
-1.37839773200000	-4.32382651200000	0
-1.37617016700000	-0.232247083000000	0
-1.36661825900000	-3.70147091700000	0
-1.35943392500000	0.656105539000000	0
-1.35683736300000	0.496140988000000	0
-1.35459896600000	-0.125608174000000	0
-1.35422088400000	-3.77894310200000	0
-1.35001326000000	1.59506469100000	0
-1.33604730000000	-4.09522062800000	0
-1.32027821600000	1.45586683300000	0
-1.31518979800000	1.23722202700000	0
-1.31425373700000	0.949021922000000	0
-1.31382305400000	0.410544747000000	0
-1.31236221400000	-3.48372948100000	0
-1.30541741400000	0.221448225000000	0
-1.30269197000000	-4.57872475000000	0
-1.29995227100000	-3.87993364800000	0
-1.29674643700000	0.519187241000000	0
-1.29621553200000	1.56814053600000	0
-1.28237929900000	1.39263464900000	0
-1.25763918000000	1.84800714600000	0
-1.25264450700000	-3.15639304400000	0
-1.24442115000000	-3.31596931600000	0
-1.23771834900000	-3.36486631400000	0
-1.23287067500000	0.396046830000000	0
-1.23207334000000	1.49826542800000	0
-1.22860006300000	-3.77793450500000	0
-1.22804678500000	1.09976819300000	0
-1.22488108700000	-3.35528940300000	0
-1.22466412800000	-4.18700186600000	0
-1.20180044800000	-3.38829004500000	0
-1.19773800700000	1.91028445200000	0
-1.19410295700000	-3.86387942400000	0
-1.19142652500000	1.95109248900000	0
-1.18905635300000	1.52684386100000	0
-1.18293932600000	1.30534589100000	0
-1.17455779300000	-4.37851728600000	0
-1.16928408200000	3.24360875900000	0
-1.16880123500000	-4.33398868100000	0
-1.16697580100000	1.36426175100000	0
-1.16470101300000	0.671132796000000	0
-1.16454170100000	1.60859963400000	0
-1.13985523600000	1.51964980300000	0
-1.13227147600000	2.10938932200000	0
-1.12927460100000	-4.09783658900000	0
-1.11871826900000	-4.61765629900000	0
-1.11673175600000	0.768715608000000	0
-1.10531189900000	2.13192421400000	0
-1.10491907500000	2.26244854600000	0
-1.10157096300000	1.94294827600000	0
-1.10045337100000	3.42037558600000	0
-1.09309937300000	1.04708365000000	0
-1.08826825400000	-4.14618401900000	0
-1.08514160600000	3.29813775800000	0
-1.07896961700000	-2.90310603900000	0
-1.07891748200000	1.57768566700000	0
-1.07544904300000	0.945565001000000	0
-1.06546594100000	-2.60776925200000	0
-1.06542350700000	-2.82100878300000	0
-1.06398580600000	2.66832867500000	0
-1.05029037900000	-3.03205839100000	0
-1.04712215300000	2.44057115500000	0
-1.04340398700000	-3.72870583000000	0
-1.03930557800000	2.40482837600000	0
-1.02515491200000	-3.05972936600000	0
-1.01883960000000	-3.03191258500000	0
-1.01829690600000	-3.34538516800000	0
-1.01517502500000	-2.93924297600000	0
-1.01265860000000	3.28243790800000	0
-1.01198648300000	2.01636748300000	0
-1.01012481400000	-2.74432326700000	0
-1.00842452800000	-3.48078421500000	0
-1.00587159200000	2.12139833100000	0
-1.00179889500000	2.73138975000000	0
-0.992011817000000	1.61979026400000	0
-0.990154787000000	1.38500473100000	0
-0.985733750000000	2.87374035800000	0
-0.983227019000000	1.77032463700000	0
-0.982717697000000	2.10933607700000	0
-0.982079678000000	-3.07671001700000	0
-0.978998083000000	1.75724500100000	0
-0.977436162000000	2.67052184800000	0
-0.975130834000000	2.26906675200000	0
-0.963958579000000	1.71774829100000	0
-0.930587356000000	1.95014812500000	0
-0.922914147000000	2.04711900700000	0
-0.919850061000000	3.19517079900000	0
-0.919470831000000	-2.46214810300000	0
-0.915487553000000	-2.00093466100000	0
-0.913378519000000	-3.54950526000000	0
-0.896530296000000	1.95047571500000	0
-0.896515688000000	-2.54170762600000	0
-0.888895048000000	3.02704424800000	0
-0.886229982000000	1.97988807900000	0
-0.880321320000000	-2.37072310800000	0
-0.877608606000000	2.71524768900000	0
-0.877046981000000	-2.49406048300000	0
-0.871119488000000	3.00061443400000	0
-0.867452428000000	2.34031397300000	0
-0.861198036000000	-2.43555152400000	0
-0.859424488000000	-3.54947864500000	0
-0.857031094000000	2.57720771800000	0
-0.850556956000000	2.38190019200000	0
-0.850508509000000	-3.35022039300000	0
-0.831631070000000	-3.27553665500000	0
-0.826146721000000	-3.74607608900000	0
-0.824951562000000	2.10580922800000	0
-0.824925909000000	-2.70490555100000	0
-0.820072477000000	-3.43265387700000	0
-0.820041066000000	2.77611500500000	0
-0.814701768000000	2.55845201600000	0
-0.810165121000000	2.69347921300000	0
-0.809327250000000	1.54721564400000	0
-0.802272290000000	-3.85329457400000	0
-0.789928392000000	-2.49890907500000	0
-0.787981802000000	-1.98559724800000	0
-0.787279361000000	2.57541924600000	0
-0.777977922000000	2.05379128900000	0
-0.769308368000000	3.58082021500000	0
-0.768936134000000	-3.77513176200000	0
-0.764528580000000	2.91474832600000	0
-0.760956113000000	-3.48198030800000	0
-0.760314164000000	-2.67902608800000	0
-0.757263626000000	2.64263611500000	0
-0.756020129000000	-2.94960375500000	0
-0.749271489000000	3.04086873400000	0
-0.744042753000000	2.72505816900000	0
-0.737421154000000	2.96975545600000	0
-0.735988626000000	-3.29600482700000	0
-0.732738893000000	2.49762639600000	0
-0.723525241000000	2.59142003400000	0
-0.710965132000000	-2.66719194300000	0
-0.708721546000000	-2.42880055800000	0
-0.704882308000000	-2.33386490800000	0
-0.702559112000000	-2.17100887600000	0
-0.696597500000000	2.84015637900000	0
-0.684235680000000	2.94475146300000	0
-0.682818694000000	3.33071952000000	0
-0.682044225000000	-2.60889524800000	0
-0.680932768000000	2.92488028100000	0
-0.677252279000000	-3.31601092600000	0
-0.676280772000000	3.24557446800000	0
-0.675768948000000	3.75761840700000	0
-0.667418775000000	-2.36503628400000	0
-0.666142011000000	3.25462225300000	0
-0.661360107000000	-1.78530382400000	0
-0.660165567000000	2.55100188400000	0
-0.658170695000000	-2.65161239700000	0
-0.652669026000000	3.14221844100000	0
-0.644526626000000	-2.22432455600000	0
-0.634510287000000	-3.12176289600000	0
-0.622351079000000	2.79125504400000	0
-0.621795484000000	3.91606977300000	0
-0.607519906000000	-2.76910271400000	0
-0.604399482000000	-3.57396376000000	0
-0.601128577000000	-2.76023789500000	0
-0.600196531000000	3.33099980800000	0
-0.599705582000000	-1.64275640100000	0
-0.588102343000000	-2.17225570400000	0
-0.583475910000000	3.87456659800000	0
-0.582477893000000	3.09274217900000	0
-0.581656510000000	3.27713861800000	0
-0.580466334000000	-1.74088848900000	0
-0.565288395000000	-1.90483199700000	0
-0.548223981000000	3.09953567800000	0
-0.532322899000000	-1.31877760500000	0
-0.523265069000000	-2.00409530400000	0
-0.518452565000000	3.80307100600000	0
-0.514204148000000	-2.65007084800000	0
-0.512459527000000	-1.46472967300000	0
-0.511648152000000	2.51420533200000	0
-0.504094306000000	-1.63063167300000	0
-0.503911800000000	-2.07693547300000	0
-0.502082135000000	3.14695319300000	0
-0.501707990000000	3.93930131900000	0
-0.496723484000000	-1.27942418200000	0
-0.482557022000000	3.54796724600000	0
-0.482092656000000	-2.27351450200000	0
-0.477093349000000	4.33210068400000	0
-0.473666883000000	3.59996340800000	0
-0.470063677000000	3.84106221100000	0
-0.463526607000000	4.29224810000000	0
-0.457180024000000	2.58427890200000	0
-0.449001661000000	-1.84938162900000	0
-0.443259487000000	-1.30024934200000	0
-0.438961107000000	-1.07571415400000	0
-0.435667383000000	-2.46921709700000	0
-0.426586489000000	-1.88949812400000	0
-0.424640239000000	-1.58849538300000	0
-0.419505627000000	4.24932896800000	0
-0.412570906000000	4.13817912400000	0
-0.412348025000000	3.34608559200000	0
-0.410990845000000	-0.705437520000000	0
-0.410825035000000	3.89849951400000	0
-0.408836580000000	3.33030071200000	0
-0.408428139000000	3.42396437400000	0
-0.405706386000000	3.82660761500000	0
-0.404753056000000	-1.01356936700000	0
-0.400614147000000	-2.39894936800000	0
-0.385717838000000	2.88001406800000	0
-0.375163297000000	-1.04746386100000	0
-0.370084608000000	-1.28365581400000	0
-0.363445405000000	-2.21719800700000	0
-0.362470450000000	4.16530690400000	0
-0.356041405000000	-1.45201172000000	0
-0.355369716000000	-0.682766081000000	0
-0.349537539000000	-1.03941174700000	0
-0.347016461000000	3.36773671200000	0
-0.345752735000000	-0.712290849000000	0
-0.338344581000000	-1.15028997400000	0
-0.336091283000000	2.88133143800000	0
-0.335284560000000	-0.716759216000000	0
-0.329588766000000	3.51702887300000	0
-0.329379609000000	3.29959193500000	0
-0.315549262000000	-0.367077652000000	0
-0.315123999000000	-0.508741346000000	0
-0.306844399000000	-1.54401169300000	0
-0.305356176000000	3.45702968300000	0
-0.302100901000000	-1.19166129300000	0
-0.293333477000000	-0.977956269000000	0
-0.290877472000000	-0.647232827000000	0
-0.288823405000000	-0.900832787000000	0
-0.287979969000000	2.83035368700000	0
-0.283569782000000	4.38830583700000	0
-0.281994452000000	4.18968513400000	0
-0.274899432000000	4.15988525400000	0
-0.274604398000000	4.35178721700000	0
-0.268473979000000	3.89467454700000	0
-0.266514882000000	-1.88933078300000	0
-0.263794370000000	-1.57087328600000	0
-0.255957679000000	-1.18826168200000	0
-0.248550137000000	-1.35186226100000	0
-0.244584889000000	-0.860872258000000	0
-0.242373908000000	-1.28966311500000	0
-0.241677957000000	3.59890897100000	0
-0.240929688000000	-0.421741211000000	0
-0.235503702000000	3.53863935100000	0
-0.228325494000000	3.19626210200000	0
-0.227169539000000	-1.09442672300000	0
-0.213357550000000	-0.494442291000000	0
-0.213237957000000	3.63569495700000	0
-0.212825849000000	-1.86438252200000	0
-0.207661905000000	4.32340784900000	0
-0.204914825000000	3.21544853100000	0
-0.201821076000000	4.22035500900000	0
-0.201491972000000	-1.29854987100000	0
-0.189240295000000	-1.62963862900000	0
-0.185012240000000	3.70622349900000	0
-0.183680521000000	4.51994440200000	0
-0.183496955000000	4.38039691700000	0
-0.182404842000000	-0.181608246000000	0
-0.179750947000000	-0.975338076000000	0
-0.172149977000000	-1.08368190300000	0
-0.171616690000000	4.00431114300000	0
-0.160336054000000	-1.24180093500000	0
-0.139017866000000	-1.15748318900000	0
-0.132140289000000	4.62287235900000	0
-0.125873515000000	3.64502116900000	0
-0.115302030000000	0.111680114000000	0
-0.0955369300000000	4.04737597500000	0
-0.0940774680000000	0.433088724000000	0
-0.0682462890000000	-1.40151801300000	0
-0.0444319700000000	-0.795863664000000	0
-0.0429454420000000	0.0437120010000000	0
-0.0386383430000000	-0.150671439000000	0
-0.0343083590000000	-0.604721892000000	0
-0.0160447530000000	4.04683542200000	0
-0.0105175980000000	-0.691382333000000	0
-0.00170902800000000	3.75545046500000	0
-0.000914368000000000	3.20951148100000	0
0.00204140800000000	0.913818953000000	0
0.0155562770000000	-0.138760922000000	0
0.0193893890000000	4.10074314100000	0
0.0207887730000000	3.81951372200000	0
0.0240193240000000	3.61879648100000	0
0.0254794300000000	3.83423217800000	0
0.0259465720000000	0.584914376000000	0
0.0263292510000000	4.44390725000000	0
0.0326141530000000	-0.717345442000000	0
0.0330269500000000	3.52328578300000	0
0.0425230850000000	0.588275116000000	0
0.0542406880000000	4.45661139200000	0
0.0553984920000000	0.940456246000000	0
0.0623117410000000	-0.224592469000000	0
0.0649347620000000	4.19431509500000	0
0.0656786190000000	-0.271474169000000	0
0.0668275730000000	0.748251103000000	0
0.0693927310000000	0.278836589000000	0
0.0824025740000000	1.04060455300000	0
0.0847624480000000	0.189337427000000	0
0.0856562960000000	3.53805201800000	0
0.0879554310000000	0.241513057000000	0
0.0929920980000000	4.56269169400000	0
0.0947209700000000	0.0600083330000000	0
0.0958534750000000	0.00343414800000000	0
0.100366904000000	1.00239644600000	0
0.101095089000000	4.65470796500000	0
0.104414439000000	0.298257758000000	0
0.105581395000000	0.635164707000000	0
0.105585961000000	0.364010574000000	0
0.106462592000000	0.639310652000000	0
0.107339723000000	0.690689970000000	0
0.107724331000000	0.771357324000000	0
0.111405954000000	4.10158898500000	0
0.126792381000000	4.03502768100000	0
0.127212976000000	0.477910034000000	0
0.132109197000000	0.788257323000000	0
0.135922995000000	0.590373435000000	0
0.138796808000000	3.82711610500000	0
0.154795921000000	4.30052589400000	0
0.162219689000000	0.591628029000000	0
0.167170640000000	0.246595255000000	0
0.171317048000000	2.89142934600000	0
0.172542296000000	0.924555271000000	0
0.172988316000000	3.96584590600000	0
0.179894927000000	4.26701694500000	0
0.199528560000000	0.388022727000000	0
0.236266751000000	0.00409513000000000	0
0.238641209000000	0.905595623000000	0
0.242649463000000	3.70782905000000	0
0.248448737000000	1.28263486800000	0
0.250239221000000	1.12222227900000	0
0.267942084000000	0.509086720000000	0
0.268913514000000	4.11951191700000	0
0.273527238000000	0.625824675000000	0
0.279516254000000	1.03584311100000	0
0.282784821000000	4.15279458700000	0
0.283837195000000	4.03059386000000	0
0.286749576000000	4.30838305800000	0
0.286762586000000	1.31180314800000	0
0.295625725000000	3.19250752600000	0
0.299116909000000	1.16986557700000	0
0.310342398000000	0.750127648000000	0
0.316546508000000	1.41559493600000	0
0.316878960000000	3.92723616800000	0
0.325899262000000	2.62727111500000	0
0.360640492000000	2.75691217000000	0
0.362511359000000	1.99095480800000	0
0.363346855000000	2.23046201200000	0
0.370515813000000	1.82208350900000	0
0.375513427000000	3.55925706700000	0
0.377308733000000	4.33685006900000	0
0.378879670000000	1.64996818100000	0
0.391424587000000	3.62597471300000	0
0.393898583000000	1.80646709800000	0
0.406720426000000	3.75760019800000	0
0.408333978000000	4.32854210100000	0
0.413110047000000	1.48719723600000	0
0.417732878000000	1.95492076000000	0
0.418304424000000	1.80380245900000	0
0.448475580000000	3.25348811700000	0
0.450461039000000	1.80374502500000	0
0.459650166000000	2.12792460400000	0
0.474706120000000	1.80170991000000	0
0.476047306000000	1.59108465700000	0
0.477247746000000	4.35054901300000	0
0.490878653000000	3.89157307100000	0
0.491806620000000	2.36987416500000	0
0.493008541000000	3.59866243200000	0
0.495521524000000	3.02210728100000	0
0.499572714000000	1.59679004600000	0
0.507223385000000	2.44507286400000	0
0.507470379000000	2.34504506100000	0
0.518123948000000	1.66710620600000	0
0.522137901000000	2.65238138000000	0
0.531452985000000	2.46008113900000	0
0.539068200000000	3.88493126500000	0
0.539192217000000	3.21375240100000	0
0.539519475000000	2.76324056300000	0
0.542333464000000	2.79797357500000	0
0.545078705000000	2.90675405600000	0
0.545182088000000	2.10789422200000	0
0.547006605000000	2.44142543100000	0
0.547964382000000	1.81603563300000	0
0.548555986000000	2.16964192000000	0
0.549007060000000	3.48802148600000	0
0.561843989000000	2.73038286900000	0
0.568110840000000	3.18190332400000	0
0.570194139000000	1.58483285500000	0
0.570763592000000	2.12799024200000	0
0.587023445000000	3.11292862200000	0
0.609117928000000	3.13633814600000	0
0.621702569000000	2.99955194500000	0
0.625561762000000	3.65350911300000	0
0.626516736000000	3.17375267800000	0
0.636682974000000	3.86451794000000	0
0.638116768000000	2.81567073100000	0
0.640845012000000	3.02556338600000	0
0.641307258000000	1.58819947800000	0
0.641933521000000	1.55596714800000	0
0.642989189000000	2.52701618500000	0
0.657005792000000	2.98877161000000	0
0.666342468000000	2.85194224900000	0
0.666539755000000	2.75084909600000	0
0.668148254000000	3.31117236800000	0
0.674498002000000	2.48445209000000	0
0.684221762000000	3.59342253400000	0
0.684990988000000	3.63124235900000	0
0.687100608000000	3.13835754500000	0
0.689285016000000	3.30785489900000	0
0.694596523000000	2.89110855000000	0
0.706734215000000	2.51510692900000	0
0.713273943000000	2.23403829500000	0
0.716041585000000	2.80423760700000	0
0.716911789000000	3.05130037200000	0
0.717624689000000	3.51944257300000	0
0.718992285000000	2.78191682900000	0
0.725479294000000	3.59382249200000	0
0.727175986000000	3.28839966700000	0
0.728121041000000	3.23568256200000	0
0.730611898000000	2.48357724100000	0
0.730951771000000	2.95475053000000	0
0.731854965000000	1.82537352600000	0
0.731927615000000	2.15623703800000	0
0.732882929000000	2.51426311700000	0
0.740709794000000	3.59351427300000	0
0.746376633000000	3.10566487200000	0
0.748376092000000	3.59555201000000	0
0.752659086000000	3.25130753100000	0
0.756504391000000	3.23262120700000	0
0.758677726000000	1.63489018100000	0
0.766216235000000	2.56351433400000	0
0.768732312000000	3.38945032400000	0
0.776257517000000	3.10042839500000	0
0.779698200000000	2.81070452300000	0
0.782091427000000	2.30531412300000	0
0.788261832000000	2.43803705500000	0
0.791351737000000	2.77146209900000	0
0.798481302000000	2.51276045900000	0
0.799945295000000	2.71820989000000	0
0.801678051000000	1.79758532300000	0
0.801803798000000	2.94127805900000	0
0.817372985000000	3.30949832100000	0
0.818294941000000	3.12433481500000	0
0.823344353000000	1.58208637700000	0
0.827726354000000	3.10910551000000	0
0.835527233000000	2.72111431400000	0
0.838419823000000	2.79638486000000	0
0.842965869000000	2.91590019000000	0
0.853794301000000	2.48331218100000	0
0.854308410000000	3.06913406400000	0
0.855687247000000	2.83551350100000	0
0.856692030000000	3.43103107100000	0
0.858766560000000	3.41788139200000	0
0.867617545000000	3.45893470200000	0
0.883143200000000	2.62035167600000	0
0.885891891000000	3.65840314600000	0
0.887509400000000	2.82104268500000	0
0.891620114000000	2.71535420400000	0
0.892422327000000	2.95419467300000	0
0.893435040000000	2.05492914800000	0
0.894629129000000	2.46170202900000	0
0.895871886000000	2.57071295100000	0
0.897816061000000	3.39518403000000	0
0.901792564000000	2.34608947800000	0
0.914351016000000	2.54985339000000	0
0.921133617000000	3.71788240200000	0
0.925961987000000	2.18637616600000	0
0.932968254000000	3.13980967200000	0
0.933981442000000	3.18524056300000	0
0.940430667000000	3.53798926200000	0
0.942300472000000	1.87596069900000	0
0.949652437000000	1.87163576400000	0
0.951683952000000	2.98535925800000	0
0.952730030000000	1.34429150600000	0
0.955588710000000	2.59277405100000	0
0.956590036000000	4.02546423700000	0
0.957868616000000	1.92100905700000	0
0.960921117000000	4.15565652000000	0
0.965764571000000	2.45664953700000	0
0.967295812000000	2.56768371900000	0
0.984292633000000	2.64308296900000	0
0.991717735000000	2.85924846700000	0
0.994585447000000	2.38214431700000	0
0.996153967000000	2.70768187100000	0
0.996878075000000	3.64744521100000	0
1.00578754900000	1.41200843800000	0
1.02229318800000	2.80370812800000	0
1.03106513400000	2.37535610800000	0
1.03258871500000	1.71296296200000	0
1.03405667200000	2.02950578100000	0
1.03927396500000	2.74063042200000	0
1.04494006800000	1.24304571800000	0
1.04784615600000	2.06082403600000	0
1.04820683600000	1.88541073700000	0
1.05434461500000	1.73762528200000	0
1.06095415300000	2.54380401200000	0
1.06228462200000	2.17884415900000	0
1.06366674000000	3.77087677200000	0
1.06571755800000	1.86827419300000	0
1.06712745300000	1.60362466400000	0
1.06910774900000	3.99475594000000	0
1.07587790800000	3.93050019800000	0
1.07762529700000	3.26490954700000	0
1.08881019300000	1.71437057100000	0
1.11178393900000	1.43963511600000	0
1.11388624900000	3.56392795100000	0
1.11845316800000	1.45143463100000	0
1.12964107400000	3.80022673300000	0
1.13547097400000	3.40275282600000	0
1.14670742300000	2.68999688400000	0
1.14804289500000	3.52290165100000	0
1.15079668800000	1.18400664700000	0
1.15618649200000	2.40062499900000	0
1.15857762100000	3.60800628000000	0
1.15871339600000	1.60062003400000	0
1.16050768400000	3.91792890400000	0
1.16236232500000	1.66583058800000	0
1.16273160600000	1.03787438700000	0
1.16735344300000	1.34483604000000	0
1.16867628400000	1.12617657000000	0
1.19066109400000	3.69363369400000	0
1.19752593600000	3.11383501000000	0
1.20612053200000	0.696124365000000	0
1.21211305300000	3.94674548700000	0
1.21434502500000	1.40018976000000	0
1.21652440200000	3.69665933800000	0
1.21766766800000	1.40888712500000	0
1.21787006300000	1.54854883400000	0
1.21863608500000	3.18783502700000	0
1.22040654800000	3.63998328100000	0
1.22691582900000	1.99918447500000	0
1.22824137100000	2.01381533600000	0
1.23009999500000	2.28362166600000	0
1.24865221300000	3.82544346100000	0
1.24968723600000	3.69063274000000	0
1.26229555100000	0.868994824000000	0
1.26277103300000	3.56974288200000	0
1.26901209400000	0.710869555000000	0
1.28611706200000	1.08775417100000	0
1.29626366800000	3.91703948400000	0
1.29952883300000	0.725314338000000	0
1.30142440600000	3.69245439900000	0
1.30807627200000	4.52862556600000	0
1.31199130600000	3.47793413500000	0
1.31410996200000	0.771637877000000	0
1.31703760500000	1.65240522400000	0
1.31860936300000	0.760523676000000	0
1.32835156500000	0.906435307000000	0
1.32888007700000	4.33755394500000	0
1.33218167100000	0.622046938000000	0
1.33940534900000	3.86414967800000	0
1.33980153600000	4.57597450900000	0
1.34065574700000	0.680294888000000	0
1.34386324100000	4.20418516000000	0
1.35398247500000	2.77232592200000	0
1.35909862100000	0.490123064000000	0
1.36308422300000	4.32556147400000	0
1.36383631000000	0.464012917000000	0
1.36644772700000	3.82991555900000	0
1.37127978000000	4.92799580600000	0
1.37357395600000	4.06440122100000	0
1.38896988700000	1.08076728800000	0
1.39420481600000	3.36739887700000	0
1.39756298400000	1.21901159200000	0
1.40333825700000	0.537668960000000	0
1.40675141700000	0.737148120000000	0
1.41102433900000	0.956487437000000	0
1.41367841700000	0.554397754000000	0
1.41372849700000	3.61496429900000	0
1.41795518800000	4.25240242400000	0
1.41849181600000	4.59121633500000	0
1.42040511100000	-0.228411210000000	0
1.42136209600000	1.21322251300000	0
1.42951180900000	1.53011753800000	0
1.43483869700000	0.551172760000000	0
1.44455826600000	3.94157179000000	0
1.44469636000000	1.03800432800000	0
1.44546184700000	0.816351739000000	0
1.44995364400000	4.82680974900000	0
1.45589423100000	4.48657527300000	0
1.45604623200000	3.52610563200000	0
1.45792681700000	4.95829574700000	0
1.45829352300000	0.969355778000000	0
1.45952523900000	4.35339392800000	0
1.45978944100000	0.617659817000000	0
1.46452951500000	4.42199227700000	0
1.46577508700000	4.39388880000000	0
1.46683340000000	0.233312926000000	0
1.48198529400000	1.06279841600000	0
1.48252713300000	4.12696163900000	0
1.48589678100000	5.08507964500000	0
1.49102696000000	4.67869285400000	0
1.49148791100000	0.0779655870000000	0
1.50633411000000	0.405890717000000	0
1.51092067600000	-0.00830685400000000	0
1.51766394000000	3.38555627700000	0
1.52300569700000	0.0663824110000000	0
1.52696786900000	3.67784950700000	0
1.53649995800000	0.314776366000000	0
1.53700957100000	0.269287554000000	0
1.54054161600000	4.01235818300000	0
1.54230528000000	0.0467174610000000	0
1.55558460400000	4.09728848700000	0
1.56574497000000	0.0281503580000000	0
1.57224305400000	4.18040496100000	0
1.57366603100000	-1.01912690100000	0
1.57457196600000	4.33921479100000	0
1.59376033300000	-0.158014902000000	0
1.59497979600000	4.82383935400000	0
1.59888318300000	4.47115386100000	0
1.61155553300000	-0.440100144000000	0
1.61635637500000	-0.353416117000000	0
1.62378426900000	-0.622607203000000	0
1.63607290200000	4.65735800500000	0
1.63781330000000	4.25237712700000	0
1.64521186600000	-1.02166084300000	0
1.65867838300000	4.08448425000000	0
1.66083967500000	4.15483657200000	0
1.66530555800000	-0.456517055000000	0
1.67293974200000	-0.0119254690000000	0
1.67776462200000	-0.606208777000000	0
1.68392038000000	-0.418262206000000	0
1.68951122600000	3.75853842800000	0
1.69255294400000	5.03472668800000	0
1.69681757500000	3.48045880600000	0
1.70081039200000	0.222217860000000	0
1.70353784000000	0.134964593000000	0
1.70883310700000	-0.0668286430000000	0
1.70985481000000	-0.516493635000000	0
1.71398682100000	0.0738095350000000	0
1.71501127800000	3.93961208300000	0
1.72024348800000	4.61374213000000	0
1.72992448600000	4.57881251600000	0
1.73068857800000	-0.908108263000000	0
1.74174221700000	3.46027041500000	0
1.74631062900000	4.01822033800000	0
1.75239415400000	3.99922611200000	0
1.75657696300000	4.14892646000000	0
1.76196336300000	-0.798760322000000	0
1.76636413000000	0.110461893000000	0
1.77333113300000	3.44456119600000	0
1.77817401900000	-0.902521936000000	0
1.78086908300000	-1.55839756400000	0
1.78353425800000	-0.842826843000000	0
1.79237354100000	4.04298213800000	0
1.79829374200000	-1.07619721500000	0
1.79863402900000	-0.840448674000000	0
1.80361229000000	3.50478173000000	0
1.81586947300000	-1.17914422900000	0
1.82337955800000	-0.995237689000000	0
1.82870038800000	3.82131697100000	0
1.84819175400000	4.31996144600000	0
1.85978877400000	-1.12245983700000	0
1.86970521200000	0.268493998000000	0
1.87169909900000	4.35964169200000	0
1.87263379600000	3.27149982300000	0
1.88015298500000	4.66609865300000	0
1.88906207000000	3.45730833400000	0
1.90164494100000	4.42058811300000	0
1.90422401800000	-1.65984704500000	0
1.90641308400000	-1.38357326600000	0
1.90949263100000	-1.83275947500000	0
1.91069325000000	3.93676823800000	0
1.92362183000000	-1.15481733000000	0
1.93388701400000	4.35405576300000	0
1.93566406600000	4.23662281500000	0
1.93651436600000	-0.857539766000000	0
1.94635863000000	3.70799948500000	0
1.94670126100000	-1.89526867600000	0
1.95214456400000	-0.423797717000000	0
1.95475875400000	4.05682912000000	0
1.96133811300000	-1.85642527800000	0
1.96334364800000	4.00228135300000	0
1.96475548200000	3.30545137800000	0
1.97286914300000	4.44626090200000	0
1.97442141400000	2.91498915100000	0
1.97570802900000	-1.78555446800000	0
1.98428332300000	4.53967972400000	0
1.98514605900000	-1.73933178200000	0
1.98867159900000	3.83296237300000	0
1.99407769400000	-1.31120519100000	0
1.99910744100000	-1.90721423600000	0
2.00220077100000	-2.25527462300000	0
2.00354853200000	-1.90354111800000	0
2.00389633700000	-1.56035520500000	0
2.00410103700000	3.61896769700000	0
2.01077851000000	-1.52914974400000	0
2.01115339500000	3.91225342900000	0
2.01236331100000	-1.73114367300000	0
2.01708638100000	3.20996077000000	0
2.01804924300000	2.98479633500000	0
2.02399728600000	-1.62142963300000	0
2.02967750100000	-1.83835605300000	0
2.03351962100000	-2.55031602000000	0
2.03865444500000	3.27970094700000	0
2.04112352800000	-1.46503619600000	0
2.04666004700000	-1.75734981300000	0
2.05344203600000	-2.14133919100000	0
2.05877008800000	-2.40218780600000	0
2.06771743500000	3.77837310000000	0
2.06812290200000	-2.03238823500000	0
2.06981495000000	3.23506305400000	0
2.07079730000000	3.04281300500000	0
2.07921320800000	4.04147652400000	0
2.08323180000000	4.43638807200000	0
2.08905743000000	4.32520745000000	0
2.09781088600000	4.38452723800000	0
2.10710950900000	3.26281982700000	0
2.10873615700000	-2.84501689500000	0
2.11262539500000	4.07942185500000	0
2.11751040500000	3.91350925800000	0
2.12115977900000	3.21579400900000	0
2.12267632100000	-2.72693462000000	0
2.12801727900000	-2.66277789400000	0
2.13230856900000	-1.79412867700000	0
2.13694953400000	3.64326265500000	0
2.13818916800000	-2.48977608800000	0
2.13934836900000	2.52309631600000	0
2.15092882500000	2.85082874500000	0
2.15547475700000	-3.05642808600000	0
2.15903948800000	-2.45176405100000	0
2.16706893600000	-2.18063213600000	0
2.18796018700000	3.12224743000000	0
2.19057836800000	3.52823712900000	0
2.19358565800000	-2.94349680500000	0
2.19886248200000	-2.75681048600000	0
2.21391819400000	-2.33164901000000	0
2.21795270700000	2.80390548400000	0
2.22101486800000	3.68587058000000	0
2.22137216500000	3.12800279900000	0
2.22143092200000	3.14286373200000	0
2.23648141400000	-2.81255319400000	0
2.23715778700000	-2.68865920200000	0
2.23830704600000	-3.00754686500000	0
2.24228541800000	-2.01479312100000	0
2.24750221500000	3.18078175300000	0
2.25828173800000	-2.89205588600000	0
2.25942910000000	2.77183618400000	0
2.26009893500000	-3.06104874200000	0
2.26176073300000	-2.26486101300000	0
2.26602358000000	-4.02221772800000	0
2.27377310600000	-2.74798709700000	0
2.27978123100000	-2.96392339300000	0
2.28040770200000	4.05560295700000	0
2.28343161100000	2.15100566400000	0
2.29179452900000	3.49425074200000	0
2.29214071800000	-2.71035310100000	0
2.29382197100000	-2.87459791700000	0
2.29829694400000	-3.18446434400000	0
2.30395546900000	3.06046606500000	0
2.30601993200000	-3.34749534900000	0
2.30834076200000	-2.13840820200000	0
2.31024237300000	-2.52422347500000	0
2.31416849700000	3.23119555300000	0
2.31515338600000	4.00643400900000	0
2.31809263600000	-2.75857308900000	0
2.32476922900000	2.12168528600000	0
2.32659768300000	-2.63956516600000	0
2.32908835200000	-2.64680670700000	0
2.32937838900000	3.17755656900000	0
2.33839818700000	-3.63969228400000	0
2.33913099600000	3.35727340200000	0
2.35375179400000	-3.61336670500000	0
2.35769742400000	-2.73454156200000	0
2.36359422100000	3.22334773500000	0
2.36708700200000	-2.31229727700000	0
2.36724806900000	-2.86553032800000	0
2.37069408200000	-3.04815739400000	0
2.37434674500000	-3.00908478000000	0
2.37543530300000	2.92140783000000	0
2.38103349700000	2.67650210700000	0
2.38160547100000	3.41736646300000	0
2.38475947600000	-3.14892258500000	0
2.38762440200000	-2.69213557700000	0
2.38960344600000	2.79737216300000	0
2.39017424400000	1.80386410400000	0
2.39043571300000	2.81814955600000	0
2.39207711300000	2.82505764900000	0
2.39332243600000	-2.70769021500000	0
2.39545868000000	-2.11614702200000	0
2.41086444400000	3.25726348800000	0
2.41251879400000	3.07337091300000	0
2.42632541300000	-3.32226943900000	0
2.42687982500000	-3.71164184000000	0
2.42795353300000	-3.15297614100000	0
2.43317459000000	-3.03284607700000	0
2.43411313300000	2.49208832500000	0
2.43474371700000	2.51039329100000	0
2.44746357400000	-2.54490572000000	0
2.45748833500000	1.95752258800000	0
2.46176058000000	-3.28986429500000	0
2.46450513600000	-3.12472555600000	0
2.47442521900000	2.57491151800000	0
2.47584464000000	-3.21299709000000	0
2.47792465100000	2.99695988300000	0
2.47983532500000	1.83240687000000	0
2.48058751900000	2.32467317000000	0
2.49403291400000	2.71002078600000	0
2.49882202600000	-3.18337401800000	0
2.50099160700000	-2.50809719100000	0
2.50333129200000	2.92229695300000	0
2.52712130800000	-3.16777095300000	0
2.52948532800000	-2.68652395500000	0
2.53381739600000	-4.32228125200000	0
2.53623054400000	1.53942348200000	0
2.54067636800000	-2.64186404500000	0
2.54338577600000	3.17163443500000	0
2.55323502500000	-2.42550609700000	0
2.55392234300000	1.88189827600000	0
2.55418271100000	-3.93558836100000	0
2.56360205100000	-2.87644153400000	0
2.56731344200000	0.695541427000000	0
2.57182038400000	2.37109453000000	0
2.57331487300000	-3.71347718000000	0
2.57341256100000	2.02744658600000	0
2.57592380300000	-3.60489372000000	0
2.58100054700000	-3.31268608000000	0
2.58748247500000	-4.53847832800000	0
2.58757571700000	-2.86531647100000	0
2.59197876100000	-3.44676789700000	0
2.59232455900000	-3.08290452000000	0
2.60427546500000	-4.19769132200000	0
2.61211676800000	2.14784946000000	0
2.62523907700000	-3.87425310900000	0
2.64542820600000	2.20565076000000	0
2.65826351900000	-4.25284963900000	0
2.66014716100000	1.98392268200000	0
2.66789530200000	1.83662009200000	0
2.67023946900000	1.78398264000000	0
2.67438260400000	-3.63638955100000	0
2.67725758500000	-3.59343711700000	0
2.67931744000000	1.76806711800000	0
2.68215630200000	-3.11139354300000	0
2.68394777600000	1.51399372600000	0
2.68453914200000	-3.26719748600000	0
2.70198509100000	0.782282223000000	0
2.70344073700000	-3.50375797200000	0
2.70344215200000	1.07886734700000	0
2.70488180500000	-4.15248559700000	0
2.71045785400000	2.90796737700000	0
2.71065105900000	0.980858333000000	0
2.71648953900000	-4.49268790400000	0
2.71835924100000	-4.30890759000000	0
2.73735915300000	1.26880557100000	0
2.74000312000000	-4.08715197500000	0
2.74037289000000	-3.80078267300000	0
2.74143477200000	1.86481325100000	0
2.74558567900000	1.66595562400000	0
2.75302803400000	1.24983165900000	0
2.75588544600000	1.78262678400000	0
2.76360496400000	0.944399350000000	0
2.77312534200000	1.71074072600000	0
2.77498240800000	-3.91195869500000	0
2.78434696600000	1.12671106300000	0
2.78542927500000	-3.81489523900000	0
2.78978543100000	-3.54479778900000	0
2.79723807200000	-4.59288512400000	0
2.81156974400000	-3.68802288900000	0
2.82374404600000	0.631281313000000	0
2.82568916900000	-3.99817463800000	0
2.83461828300000	1.13356732500000	0
2.84132008900000	-4.48286836400000	0
2.84262620600000	-3.75952779100000	0
2.84506816000000	0.634792796000000	0
2.85081009100000	1.30994002500000	0
2.86168011400000	1.47878472100000	0
2.86253530800000	-4.31920355100000	0
2.86470186700000	-3.87781583700000	0
2.87333539200000	0.457320421000000	0
2.87911073300000	-3.43722429300000	0
2.88356863200000	-4.27297293400000	0
2.88482479300000	-3.79301430500000	0
2.88534877600000	-3.97327271000000	0
2.88747898100000	-3.88850491300000	0
2.88756772400000	1.00669537400000	0
2.88808619100000	1.53593044000000	0
2.89388873100000	-4.35593926200000	0
2.89730575900000	-3.08634910500000	0
2.89788021700000	0.660184138000000	0
2.89969781900000	1.67122116700000	0
2.91166885300000	1.83060120200000	0
2.92233715100000	-3.38394534800000	0
2.94188649400000	-4.04520700000000	0
2.94755625300000	-4.42042329400000	0
2.94799980000000	-4.47273696800000	0
2.95287647800000	-3.38982208000000	0
2.95320038900000	0.344810252000000	0
2.95564983500000	0.505057066000000	0
2.95682404400000	-4.93956325000000	0
2.95740886800000	-2.85854251800000	0
2.96533226700000	-3.79607336800000	0
2.96736074400000	-4.46488028800000	0
2.96970097600000	-3.63679921700000	0
2.98396381800000	0.414599327000000	0
2.99107651700000	0.121762900000000	0
2.99493447400000	-3.93602225900000	0
2.99624463100000	-3.89693560300000	0
2.99904819100000	-4.93130581600000	0
3.01262066900000	0.685500161000000	0
3.01370566500000	0.468690560000000	0
3.01853653300000	-4.36358218600000	0
3.01881019000000	1.01404042700000	0
3.02370118200000	-0.237041134000000	0
3.03095096300000	0.420840192000000	0
3.03266340400000	0.534714263000000	0
3.05435195800000	1.00994413500000	0
3.05518698200000	-3.26598771300000	0
3.06166994200000	-0.475860676000000	0
3.06833425300000	0.936100562000000	0
3.07099821000000	-0.234838891000000	0
3.07105872800000	-4.20340229000000	0
3.07114918700000	-3.49496239300000	0
3.07210143700000	-0.222367213000000	0
3.07902942600000	-4.38244706100000	0
3.08369237000000	-4.11173841800000	0
3.08707149500000	-3.90838277700000	0
3.08804459900000	1.11312195200000	0
3.09148537000000	0.956885004000000	0
3.09955717300000	-0.149772278000000	0
3.10472105200000	-3.96158335600000	0
3.11073165600000	-4.02150225000000	0
3.11122446600000	0.584324695000000	0
3.12122184600000	0.209002807000000	0
3.12124308700000	-4.24822242600000	0
3.12264618200000	-3.34866932700000	0
3.12637607300000	0.423889069000000	0
3.12735490000000	1.21692956300000	0
3.13225402000000	0.200312427000000	0
3.13421720200000	-4.18686520700000	0
3.13443023200000	-3.23478378300000	0
3.14167480900000	-4.80923704600000	0
3.14478828100000	0.394798365000000	0
3.15319268300000	-0.123666301000000	0
3.15631823100000	-3.33187004200000	0
3.15651390500000	-3.56563277000000	0
3.15913781500000	-3.68930910300000	0
3.16304695600000	-0.109298201000000	0
3.16344201800000	-3.55149481300000	0
3.17420434700000	-3.57266101000000	0
3.17529622900000	0.283556232000000	0
3.17913256400000	-4.33434030500000	0
3.18415924200000	0.217981181000000	0
3.18656480900000	-0.358102932000000	0
3.18699842100000	-4.76490199600000	0
3.18788510500000	-3.97733650100000	0
3.19097564600000	0.275279808000000	0
3.19293600000000	-3.59427782200000	0
3.19350479200000	-5.15679316000000	0
3.19610943600000	-1.15016292300000	0
3.19804761600000	-3.63712632700000	0
3.20092090600000	0.344181705000000	0
3.20507485000000	-0.464183999000000	0
3.20875634400000	0.432323845000000	0
3.21310573000000	0.0976273770000000	0
3.21976786700000	-2.69483077400000	0
3.22056198000000	0.634627061000000	0
3.22691953700000	-4.25670841100000	0
3.23530045100000	-4.64693383100000	0
3.23605078700000	-4.33534857900000	0
3.23638559600000	-3.56453835300000	0
3.25745177000000	-3.78641788700000	0
3.26063023400000	-0.451250928000000	0
3.26144634700000	-3.64501704100000	0
3.27077529600000	-0.921411626000000	0
3.27661644700000	-0.847633211000000	0
3.27867318600000	-0.909759526000000	0
3.27916075000000	-1.37657072400000	0
3.28428706400000	-3.67375931100000	0
3.30491205700000	-1.38719333100000	0
3.30879532000000	-3.84608337300000	0
3.30920419700000	-0.336869723000000	0
3.31797394000000	-0.239002027000000	0
3.32059358000000	-4.60641786700000	0
3.32271521400000	-2.88516325400000	0
3.32414227500000	-3.15476908800000	0
3.33095595500000	-3.85135706400000	0
3.34154545300000	-0.823735972000000	0
3.34507111700000	-3.18021252400000	0
3.34839847400000	-3.10349931800000	0
3.34979383500000	-0.367649021000000	0
3.36735591800000	-4.44531495700000	0
3.38065342300000	-4.57675911700000	0
3.38500766300000	-3.30210792800000	0
3.38750709800000	-0.862966921000000	0
3.39559983900000	-2.30602987100000	0
3.40100412300000	-4.10703076900000	0
3.40234846100000	-4.50049965100000	0
3.40244358200000	-4.07803172000000	0
3.41626576400000	-0.974823006000000	0
3.42069356700000	-3.50947536600000	0
3.42487399700000	-2.25205613700000	0
3.42957313200000	-0.405069675000000	0
3.43422164000000	-3.79425728000000	0
3.43691982300000	-1.09343954900000	0
3.44114695900000	-4.34731279500000	0
3.44115524100000	-0.634632423000000	0
3.44205262100000	-2.75591078100000	0
3.44590865100000	-3.77825916600000	0
3.45007459400000	-4.44690033400000	0
3.45057596000000	-3.68759964900000	0
3.46411937100000	-1.54500350700000	0
3.46424574500000	-2.95254097000000	0
3.48342189600000	-4.24310509700000	0
3.48990352800000	-4.38333817400000	0
3.49676427200000	-1.08685537900000	0
3.49770372000000	-0.581907181000000	0
3.49935506500000	-1.78430813800000	0
3.50065087200000	-3.30082946200000	0
3.50779698500000	-2.13295839100000	0
3.50834620400000	-2.36038794800000	0
3.50847658000000	-1.48455138300000	0
3.51314281800000	-0.864564679000000	0
3.51831071500000	-0.349281614000000	0
3.52065452400000	-4.24394340700000	0
3.52697745200000	-3.84162309300000	0
3.54434075800000	-4.34853140800000	0
3.54926261100000	-3.70805124600000	0
3.54997648600000	-0.738378287000000	0
3.55157573900000	-3.83297974800000	0
3.55612167600000	-0.879986056000000	0
3.55822667900000	-4.34815067700000	0
3.57094220400000	-4.16218263900000	0
3.57295938800000	-1.41793333300000	0
3.58042753300000	-2.30833907600000	0
3.58736616600000	-3.88281798600000	0
3.59115778500000	-3.63272035700000	0
3.59715301100000	-0.900785646000000	0
3.60255794100000	-3.62061740900000	0
3.60265082900000	-1.54649968700000	0
3.60612354200000	-2.62907956900000	0
3.61006338100000	-3.52771436000000	0
3.61120479200000	-3.62162117100000	0
3.61948547900000	-3.66295598900000	0
3.63275898400000	-2.20448332500000	0
3.63349266800000	-3.60531796900000	0
3.64007483700000	-3.74636834700000	0
3.64428043400000	-1.39421198500000	0
3.64476905200000	-4.21526006000000	0
3.65371538100000	-2.32861907600000	0
3.65451230000000	-3.79953218000000	0
3.65587577200000	-2.67054289000000	0
3.65756071200000	-2.06196141000000	0
3.65897111600000	-1.77405136200000	0
3.66178960500000	-4.05278531600000	0
3.66840030100000	-2.85237089100000	0
3.67049436300000	-2.06233184900000	0
3.67414857000000	-1.35028695000000	0
3.68134014500000	-2.38043456600000	0
3.68812036200000	-3.32326621100000	0
3.68906240200000	-2.86509718800000	0
3.69147190800000	-2.41996897400000	0
3.69152409700000	-1.87718183000000	0
3.69496695500000	-3.24374602700000	0
3.69709177200000	-3.64623135600000	0
3.69893364600000	-2.27752332500000	0
3.69933455300000	-1.54224983600000	0
3.69949357100000	-3.69033527100000	0
3.71369535300000	-2.47066571300000	0
3.72431160000000	-2.68900531800000	0
3.72650022900000	-2.81731580200000	0
3.74187719100000	-2.85540605100000	0
3.75766002100000	-2.87416125200000	0
3.75905323300000	-2.97347451200000	0
3.75987944000000	-2.30437110400000	0
3.76340575500000	-2.43594166100000	0
3.76436218400000	-2.59875801400000	0
3.76720257100000	-3.45222848300000	0
3.77150839700000	-2.68576235800000	0
3.77288964800000	-2.40857722800000	0
3.77606645700000	-2.47860796900000	0
3.78118336200000	-2.75062144300000	0
3.79087921900000	-2.89040052900000	0
3.79496245200000	-3.26730933700000	0
3.80263075700000	-3.51679784300000	0
3.81128696300000	-3.31381343400000	0
3.82128604200000	-2.48300994700000	0
3.83468128500000	-2.66156721300000	0
3.84231141500000	-3.65582399700000	0
3.84599083600000	-2.52959220600000	0
3.85057180900000	-3.10789394300000	0
3.85157796100000	-2.25921180900000	0
3.85537860900000	-2.08611982000000	0
3.85931539100000	-1.85579755800000	0
3.86452672100000	-2.34929774700000	0
3.86589866400000	-3.36761581200000	0
3.87017589800000	-3.88179512100000	0
3.87172653100000	-2.62100054200000	0
3.87248470200000	-3.40246572700000	0
3.87873953000000	-2.17575013600000	0
3.88490447100000	-2.83442283500000	0
3.88508672400000	-3.07916193500000	0
3.90198094800000	-2.23057752800000	0
3.90281923600000	-3.11340530400000	0
3.91055348600000	-2.21777917800000	0
3.91359715500000	-1.66291805800000	0
3.91509663300000	-2.59022372900000	0
3.93258081300000	-4.06273592500000	0
3.93832414400000	-2.47210416100000	0
3.93981414800000	-2.15141317000000	0
3.94591438800000	-2.36505467100000	0
3.96539300900000	-2.06065591600000	0
3.96786120700000	-3.73584669100000	0
3.97532052100000	-2.65761861000000	0
3.97582779200000	-2.56514768200000	0
3.98575377900000	-2.46677506400000	0
3.98714401500000	-3.15490819200000	0
3.99136115100000	-2.40289730000000	0
3.99961245700000	-2.03950857000000	0
4.00167479600000	-3.11184304500000	0
4.00516556300000	-2.69837288100000	0
4.00523451900000	-2.01971207900000	0
4.00551835300000	-3.13187383000000	0
4.00639652000000	-3.65575918000000	0
4.01674324900000	-3.06671661800000	0
4.01835514500000	-3.16885681000000	0
4.02616964900000	-2.64418499000000	0
4.03685124100000	-2.18153372300000	0
4.04607745400000	-3.56866136700000	0
4.04687394200000	-1.86296918300000	0
4.04956228100000	-3.55914099300000	0
4.05035779300000	-2.13665154200000	0
4.05425950700000	-3.63596193500000	0
4.05532522100000	-2.37922098900000	0
4.06348545100000	-3.47785430100000	0
4.06473671100000	-3.28682243600000	0
4.08355508900000	-3.05367318600000	0
4.08375743500000	-3.36630107100000	0
4.09606624900000	-3.34130551000000	0
4.11368364900000	-1.53202962600000	0
4.11704050400000	-2.47632066700000	0
4.12997489300000	-3.29219491400000	0
4.13019936100000	-3.49865206300000	0
4.14073703600000	-2.46521155200000	0
4.14136481900000	-3.20378624800000	0
4.15500320500000	-3.12456685500000	0
4.15740066700000	-1.96159615800000	0
4.16356923800000	-1.89995720600000	0
4.16620909500000	-2.76583367600000	0
4.17963854500000	-3.09356955700000	0
4.18146369500000	-0.861317790000000	0
4.18238700800000	-2.74224235600000	0
4.18316975700000	-2.34281821700000	0
4.19212850700000	-2.68834967400000	0
4.19358514900000	-2.04740299700000	0
4.19911311900000	-2.44951529300000	0
4.19931124900000	-2.13468297900000	0
4.21206189600000	-2.37087726200000	0
4.21393702000000	-2.88414062700000	0
4.21572770700000	-2.89428448800000	0
4.21683732200000	-1.82637428500000	0
4.21743251600000	-1.52098412900000	0
4.21756729900000	-3.50564357100000	0
4.22002771600000	-3.47927325600000	0
4.22113419300000	-2.46172160800000	0
4.22550881000000	-1.37770569200000	0
4.22564544900000	-3.54901223300000	0
4.22621734000000	-3.27328280000000	0
4.23732038600000	-4.05498901500000	0
4.23785550100000	-3.30350635400000	0
4.24520578200000	-3.96928441400000	0
4.25442951700000	-1.65869910700000	0
4.25490533500000	-3.72787334200000	0
4.25888831500000	-3.90482565100000	0
4.26938843700000	-3.31084638900000	0
4.27905242400000	-1.62802645500000	0
4.28682072600000	-1.13707364500000	0
4.29827177700000	-3.92302584300000	0
4.30923393500000	-0.681533481000000	0
4.30959657300000	-3.98200339700000	0
4.31498963200000	-1.85828304200000	0
4.31901107100000	-3.65913252000000	0
4.32405327200000	-4.01606064700000	0
4.32628267900000	-0.949488119000000	0
4.33822293800000	-3.77765958700000	0
4.33864500100000	-1.72465166300000	0
4.34573714200000	-3.81493588700000	0
4.34833580400000	-3.17736011400000	0
4.35208228900000	-2.09837194200000	0
4.35257104700000	-3.00839107900000	0
4.35606804200000	-1.06374758700000	0
4.38397240800000	-4.78244975100000	0
4.38483328600000	-1.42623304000000	0
4.40431559900000	-0.246364886000000	0
4.40476859500000	-3.54007445200000	0
4.40969809900000	-0.574651579000000	0
4.41083523200000	-1.50491313400000	0
4.41310147100000	-2.99717823000000	0
4.43517928500000	-3.91642429400000	0
4.45159511600000	-0.765065788000000	0
4.45472035800000	-4.00715299400000	0
4.45725226800000	-1.43632176000000	0
4.46084553100000	0.310499563000000	0
4.47633450600000	-4.43674074200000	0
4.48196430500000	-0.449320868000000	0
4.49750365900000	-4.20831478500000	0
4.50489990900000	-0.166270233000000	0
4.50697776900000	-0.259030195000000	0
4.51675188700000	-4.40172700700000	0
4.51989476300000	-4.67675064500000	0
4.52114626800000	-3.30030907100000	0
4.52290881000000	-3.15081098800000	0
4.52524471800000	-1.31786186300000	0
4.53042664600000	-0.909728992000000	0
4.53049151900000	-4.48631259100000	0
4.54699134500000	-1.08272703700000	0
4.54753694600000	-1.27235753500000	0
4.56293667200000	-3.84039179200000	0
4.56746385200000	-0.749284275000000	0
4.57159619500000	-3.73750387900000	0
4.57570765200000	-0.792742019000000	0
4.57780870800000	-0.708308462000000	0
4.58162799500000	-4.97123031400000	0
4.58192962200000	-0.916110587000000	0
4.58325667800000	-0.654884119000000	0
4.58797070400000	0.289417265000000	0
4.59290836700000	-0.0110497620000000	0
4.59676399400000	-3.48362938100000	0
4.59806006600000	-0.809992702000000	0
4.60614459600000	-3.54345960600000	0
4.60756417800000	-4.23139617100000	0
4.61050320000000	-3.77795048500000	0
4.61153290900000	-3.85557214300000	0
4.61210949600000	0.394445077000000	0
4.61423619200000	-4.18622630700000	0
4.61897556400000	-4.35106465300000	0
4.62510660300000	-4.35542868500000	0
4.62787773500000	-0.195690847000000	0
4.62954991700000	-0.609398355000000	0
4.63260670000000	0.0184693670000000	0
4.63607422500000	-4.67313370800000	0
4.64172219400000	-3.98508863300000	0
4.64719575600000	-3.90768328500000	0
4.64731016000000	-3.85318816800000	0
4.64751945300000	-0.466164562000000	0
4.64838571100000	-3.51868078200000	0
4.64996914800000	-1.20634780700000	0
4.65071664000000	0.538865325000000	0
4.65898860500000	-0.469858261000000	0
4.65961765000000	-0.180886072000000	0
4.65969154400000	-0.365550276000000	0
4.66452044000000	-4.06277409400000	0
4.67304463700000	-3.23165083600000	0
4.68212725800000	-4.30322983200000	0
4.68261170700000	0.0615366440000000	0
4.68300929300000	-0.807827416000000	0
4.68443212100000	-4.54834026700000	0
4.68519294400000	-0.460120625000000	0
4.69182301300000	-0.221572524000000	0
4.70717344000000	-4.37060103700000	0
4.71101732900000	-0.539530888000000	0
4.71459026200000	-3.74531913000000	0
4.72254174800000	-4.95545303500000	0
4.72493090900000	-3.92891346800000	0
4.72585002000000	-3.58129259300000	0
4.73516095400000	-0.299192799000000	0
4.74147141900000	-4.44068327300000	0
4.74922079600000	0.241364949000000	0
4.75810631200000	0.980304661000000	0
4.76029765300000	-3.81485015000000	0
4.76295597900000	-0.118459657000000	0
4.76353949200000	-4.63455803600000	0
4.76867257200000	0.431654721000000	0
4.77075643400000	0.596872371000000	0
4.77245406900000	-0.587535604000000	0
4.77399025100000	0.547128664000000	0
4.77475536800000	-3.82909145400000	0
4.78107448900000	-4.19155183000000	0
4.79197975900000	-0.468040790000000	0
4.79454282700000	-3.64403920200000	0
4.79672390000000	-4.00246167100000	0
4.80999802000000	-3.91421664300000	0
4.81653910600000	-4.90295798300000	0
4.82844029600000	-4.28015332700000	0
4.82913487100000	0.120396180000000	0
4.83161283000000	-4.01941315600000	0
4.83207608800000	-4.89822370600000	0
4.83246218900000	-3.27042280500000	0
4.83271165300000	0.561580229000000	0
4.83290758000000	0.414333404000000	0
4.83746483200000	-3.85146235000000	0
4.84270058300000	0.208326815000000	0
4.84730556100000	-4.66431249300000	0
4.84844180500000	1.08930405100000	0
4.85005551000000	0.752078910000000	0
4.85149425200000	0.996801576000000	0
4.85452219400000	-0.0512855270000000	0
4.85784967400000	-4.28721259900000	0
4.86019348700000	-4.04975993500000	0
4.86863221300000	0.803929988000000	0
4.86876580200000	0.860773800000000	0
4.86953574900000	-0.749566867000000	0
4.87130840100000	-3.64303722500000	0
4.87275686600000	0.00894709300000000	0
4.87492806300000	-4.46102300900000	0
4.88733874900000	-0.0727899640000000	0
4.89057345100000	-4.56227827100000	0
4.89442746200000	-3.75012032400000	0
4.89740344900000	0.489838978000000	0
4.90190291500000	0.249797718000000	0
4.91975831300000	-4.38671961700000	0
4.93434043800000	1.41969598600000	0
4.93738426800000	-4.20363167500000	0
4.94405439400000	-3.91662904900000	0
4.95491156800000	-3.36998981900000	0
4.95743660700000	1.38791381300000	0
4.96277623100000	-4.32285425200000	0
4.97368007200000	0.854294156000000	0
4.98005777400000	-3.72994717300000	0
4.98100874700000	0.931819697000000	0
4.99472562700000	-4.67803313400000	0
