34.8298552700000	15.2049733100000	1
33.4374676400000	31.8391407900000	1
33.4320864700000	6.86324106500000	1
32.5635264200000	26.9800524900000	1
32.4709689500000	10.1040632400000	1
32.3334153600000	3.84708428800000	1
33.0971125400000	12.2921893400000	1
26.9876681800000	33.4641590300000	1
25.8441471000000	33.3571418800000	1
24.0914198800000	4.05502562400000	1
22.8653959300000	5.90923732100000	1
20.9218737900000	5.29906369700000	1
19.0252088800000	5.58920594900000	1
16.3234433100000	32.9646558500000	1
11.5418812200000	31.4638822400000	1
11.1713908500000	31.4847642800000	1
10.4600376400000	27.0092285600000	1
6.71202344800000	24.4782775800000	1
5.00670000000000	5.07880000000000	1
5.19970971200000	22.1210237000000	1
4.84130000000000	4.93550000000000	1
4.06029100500000	20.0046851200000	1
4.05271841200000	-1.49928485000000	1
4.02923668700000	21.3887035400000	1
9.69950742500000	10.4563011800000	1
2.94211866300000	-2.63208953700000	1
10.1746788670000	9.64468840000000	1
-2.58718787700000	5.44840576100000	1
29.4438493500000	18.0827070200000	0
29.3811685900000	19.1890165400000	0
29.3589282900000	19.1337169400000	0
29.0191682200000	22.8791396500000	0
28.8175056900000	20.8253366400000	0
28.7166077000000	15.7157225000000	0
28.5658351700000	19.1888361200000	0
28.5201993700000	21.5457228300000	0
28.4297827400000	23.6654120300000	0
28.2402866300000	20.0295747300000	0
28.0994379600000	18.0252962900000	0
28.0869718600000	18.2211806100000	0
28.0696589500000	23.9435167500000	0
28.0290135400000	21.8632862700000	0
27.9564298500000	24.9838271300000	0
27.9137325900000	22.3998686000000	0
27.8423554100000	17.4294613200000	0
27.7628069200000	24.3764631800000	0
27.7285764700000	14.8197199300000	0
27.6428431500000	22.7824662300000	0
27.6289466200000	14.8999043800000	0
27.5632887000000	16.7314125200000	0
27.4988170500000	24.7380456000000	0
27.4809607100000	15.6873451800000	0
27.4128808500000	15.9875966900000	0
27.3760593400000	18.2746684900000	0
27.3607917600000	24.3959949900000	0
27.3499630800000	16.1917823100000	0
27.1527829800000	23.2946465500000	0
27.0979704100000	17.8550772200000	0
27.0507443900000	16.6145747700000	0
27.0050080800000	16.6634670300000	0
26.8269524200000	22.5787406400000	0
26.7545447300000	17.9737978900000	0
26.7101238900000	18.5282397600000	0
26.7088337100000	24.1680911300000	0
26.6393854700000	20.5814021200000	0
26.6251910900000	16.8260736400000	0
26.5384534400000	20.0956974400000	0
26.5152738800000	21.3242613200000	0
26.4948209800000	17.8659323000000	0
26.4838404200000	20.6381968300000	0
26.4442044900000	15.0439700800000	0
26.3631917800000	21.3851901300000	0
26.3497936900000	20.7049230200000	0
26.2757238100000	17.1953807700000	0
26.2395668200000	25.6214082400000	0
26.2388041200000	24.7374945700000	0
26.1550841100000	23.0724352700000	0
26.0981455800000	27.0245594700000	0
26.0698787500000	23.4141327100000	0
26.0203110300000	22.9093082200000	0
26.0038564900000	24.7720227600000	0
25.9926623800000	23.9264628200000	0
25.9817330200000	20.7604047200000	0
25.9802431600000	21.3860655500000	0
25.9494408900000	25.0169745700000	0
25.9220521500000	16.3083238900000	0
25.8954477600000	25.2924340900000	0
25.8600376600000	20.6473105000000	0
25.8489718200000	20.0831044500000	0
25.7641730600000	26.4683903900000	0
25.6682132900000	24.9963042200000	0
25.6087532300000	22.4464786400000	0
25.5703586300000	26.2422014400000	0
25.5643669800000	24.4744224000000	0
25.5367778100000	26.8320789100000	0
25.4709497700000	25.9665848200000	0
25.4121852800000	16.9282389900000	0
25.3965072100000	17.9007690100000	0
25.3856359400000	19.3749413700000	0
25.3527914500000	27.6300420400000	0
25.2007644100000	21.9727424000000	0
25.1291610700000	21.7030188800000	0
25.0539186800000	14.5182585100000	0
25.0440456600000	26.0040156800000	0
24.9926897500000	18.0575656100000	0
24.9751578600000	26.2196990400000	0
24.9164149900000	23.6014118600000	0
24.8590385600000	20.6953485700000	0
24.8015637800000	23.0466820900000	0
24.7857608100000	26.1369595200000	0
24.7460662900000	21.2623186900000	0
24.7310172200000	18.3087215800000	0
24.6980611500000	20.2281694400000	0
24.6875307300000	26.1387336500000	0
24.6543536900000	21.6880226500000	0
24.6445540300000	28.3973372400000	0
24.6388984400000	23.5627691700000	0
24.6382418600000	28.0360526500000	0
24.6318611000000	16.5198173700000	0
24.6112331600000	16.2728425500000	0
24.5794771500000	16.6035088400000	0
24.5364730500000	18.2534319600000	0
24.5180673400000	17.4913760700000	0
24.4445741600000	23.2290084700000	0
24.4056390900000	20.9929421400000	0
24.4012860000000	15.5939668600000	0
24.3868816200000	28.0406702900000	0
24.3690536400000	24.9657113400000	0
24.3555984100000	26.5197936300000	0
24.3202944400000	18.7670726900000	0
24.2832735000000	24.4587841900000	0
24.2559816900000	27.8341047800000	0
24.2333573400000	23.0906506400000	0
24.1562814200000	26.7152230700000	0
24.1443189800000	24.9067389700000	0
24.1395004900000	22.5321313900000	0
24.1163086600000	16.3936650100000	0
24.1160445100000	27.9334885700000	0
24.0976479400000	26.9266884200000	0
24.0376421500000	24.9748845000000	0
24.0210105500000	26.2034947000000	0
23.9930076700000	17.8027716500000	0
23.9900932800000	21.9314827600000	0
23.9770276900000	15.2581414500000	0
23.9728028500000	21.8892951500000	0
23.9620360600000	21.6221474500000	0
23.9510886300000	24.4911801600000	0
23.9173004900000	27.4846908500000	0
23.9094735200000	22.2125983600000	0
23.8991247800000	20.0920386300000	0
23.8846942600000	23.3877805200000	0
23.8121926100000	11.8841687000000	0
23.7973303800000	16.5141194200000	0
23.7561210600000	22.8532252600000	0
23.7522294100000	28.4610529700000	0
23.7440513300000	20.8673802800000	0
23.7332362900000	11.0783320100000	0
23.7075037800000	26.7722472700000	0
23.6897582800000	26.5483968800000	0
23.6860984100000	14.7597368500000	0
23.6813001900000	15.8936939700000	0
23.6638206400000	13.9647745000000	0
23.6319565400000	25.4179120900000	0
23.5852256400000	28.7751160600000	0
23.5763620000000	10.7684162400000	0
23.5691020500000	27.1421545200000	0
23.5607958900000	22.5679845500000	0
23.5440080700000	22.0611397600000	0
23.5258205000000	17.6401552100000	0
23.4917317900000	22.3836898700000	0
23.4810499100000	15.2113959600000	0
23.4493777100000	19.5690194300000	0
23.4392760100000	18.1523729100000	0
23.4361704400000	21.2908162200000	0
23.3502565000000	26.5044476800000	0
23.2977580300000	27.9260795200000	0
23.2924744000000	25.1190884800000	0
23.2913983800000	24.5183278800000	0
23.2882490100000	11.7896921500000	0
23.1379008700000	16.8336788600000	0
23.1318305400000	22.3238324600000	0
23.1207280700000	23.6790660600000	0
23.0615758000000	21.8585054100000	0
22.9874695400000	29.2993701100000	0
22.9831036800000	17.8551816400000	0
22.9038269700000	20.1224519000000	0
22.9004840600000	22.0025224600000	0
22.8895755100000	28.1341464800000	0
22.8789319600000	10.4411685500000	0
22.8718469100000	18.8164357300000	0
22.8399592000000	27.5226698000000	0
22.8291917800000	20.2976448700000	0
22.8237778400000	13.4042645200000	0
22.8148301100000	20.4129029600000	0
22.7943882400000	22.0594823200000	0
22.7824344700000	18.7108688500000	0
22.7641657200000	23.5356057300000	0
22.7181398100000	20.9362601800000	0
22.6995960700000	19.0395936900000	0
22.6756591600000	12.5177553900000	0
22.6652724500000	20.7745763600000	0
22.5869560300000	25.3893885600000	0
22.5522758000000	14.3195379400000	0
22.5378293700000	23.3966180800000	0
22.5137250600000	23.3542180800000	0
22.5125769000000	22.5855435000000	0
22.4950822800000	23.0001742700000	0
22.4939938600000	20.2141069700000	0
22.4916626100000	21.5332293000000	0
22.4747151500000	16.1651636200000	0
22.4434866000000	15.4711143000000	0
22.4266097600000	24.3157108300000	0
22.4105283800000	22.2063356600000	0
22.4014129600000	24.8778350200000	0
22.3952193900000	23.9046284700000	0
22.3506066400000	25.4870393500000	0
22.3248315900000	15.1298440900000	0
22.3160639100000	20.4272220500000	0
22.3103879400000	28.9536210300000	0
22.2233035400000	13.3713130500000	0
22.1839750800000	22.2410339600000	0
22.1052722000000	17.8479423100000	0
22.0804279800000	21.5672705800000	0
22.0711351800000	15.7559198800000	0
22.0607838500000	24.3656782600000	0
22.0474420200000	22.5253714400000	0
22.0457970700000	24.9104569500000	0
22.0372351000000	19.6100921700000	0
22.0049799300000	23.5528178500000	0
21.9995868800000	21.7812878400000	0
21.9549265700000	25.5721661500000	0
21.9548043500000	20.9736646100000	0
21.9228786000000	17.2469741600000	0
21.9054898900000	20.4375402900000	0
21.8986453000000	23.7826227200000	0
21.8978819200000	23.4427306100000	0
21.8948849200000	20.0053069900000	0
21.8939766600000	23.3757456800000	0
21.8801878900000	20.2181665600000	0
21.8344414300000	13.9265359200000	0
21.8291952600000	29.3877249100000	0
21.7865076600000	20.7219196800000	0
21.7859067100000	23.0933214800000	0
21.7665869100000	12.2966227900000	0
21.7524389000000	28.9484025200000	0
21.7261910800000	11.9750539200000	0
21.7185040300000	13.8260578900000	0
21.6749435800000	19.9953977000000	0
21.6509615500000	23.1226331400000	0
21.6407741200000	26.1416077600000	0
21.6201600500000	13.1214554300000	0
21.6012893800000	20.5390610400000	0
21.5574609200000	26.5379740300000	0
21.5535922700000	20.2897053100000	0
21.5387982600000	22.1059807000000	0
21.5230035500000	20.8194880500000	0
21.5003909700000	18.6982594100000	0
21.4830926200000	14.4104743000000	0
21.4576219500000	22.4497329500000	0
21.4479170600000	22.6930278900000	0
21.4470771900000	24.6059958300000	0
21.4359329400000	16.9108321000000	0
21.4314478700000	28.4612656000000	0
21.3657905600000	20.5446181600000	0
21.3547755000000	20.0071853100000	0
21.3234980100000	22.2564177300000	0
21.3118884300000	22.2051401600000	0
21.3029628700000	23.6877830600000	0
21.3000595800000	21.4771197000000	0
21.2886763600000	21.8125380500000	0
21.2800967900000	20.5536127500000	0
21.2611668300000	23.2153258800000	0
21.2046069600000	13.8348783300000	0
21.1990495300000	12.9108566900000	0
21.1902086500000	24.2095035600000	0
21.1756403200000	27.5400338400000	0
21.1645068400000	20.0686899900000	0
21.1287189100000	27.5478679800000	0
21.1284856500000	23.7494528400000	0
21.1252759300000	22.7022032400000	0
21.1152646800000	20.7334131300000	0
21.0416087600000	21.6222374000000	0
21.0396904500000	12.8265834000000	0
21.0047695600000	19.7079014000000	0
20.9914899200000	19.7196345700000	0
20.9395506000000	25.1679570600000	0
20.9391800100000	19.2599182100000	0
20.9372359500000	20.7445589100000	0
20.9048573000000	17.4799669800000	0
20.8924018300000	16.7766713700000	0
20.8707324300000	25.5179455800000	0
20.8620068200000	20.7627924500000	0
20.8534492200000	19.9214589900000	0
20.8526125000000	20.2925441900000	0
20.8067007300000	22.5954168700000	0
20.7907559400000	13.4551122100000	0
20.7743646100000	28.1366513300000	0
20.7700361400000	16.2111941400000	0
20.7696477200000	12.1407466500000	0
20.7634314100000	19.7899238600000	0
20.7388610400000	20.9097092100000	0
20.7378800200000	22.7521850000000	0
20.6948457900000	24.6910078800000	0
20.6727604000000	21.7229380100000	0
20.6685032900000	22.7827826900000	0
20.6679277500000	20.0011372500000	0
20.6558515100000	22.4892965000000	0
20.6497272600000	20.3530035800000	0
20.5808587800000	19.6881893100000	0
20.5606776900000	21.7809694100000	0
20.5511047300000	26.7181818000000	0
20.5444937600000	13.6350434600000	0
20.5259117400000	21.2027502400000	0
20.4871703700000	20.6800785600000	0
20.4613321900000	10.7222547700000	0
20.4377774100000	29.5648403900000	0
20.4335200600000	19.4267937000000	0
20.4331091200000	20.0346760600000	0
20.3947898900000	19.9194009900000	0
20.3882732900000	28.8717280600000	0
20.3820321300000	29.5521894500000	0
20.3817008000000	20.2164082300000	0
20.3465243400000	18.6436844100000	0
20.3328565100000	27.0087226300000	0
20.3234651000000	23.4638502900000	0
20.3114222300000	20.3304977400000	0
20.3074407300000	19.7560765000000	0
20.2942326800000	22.5262759000000	0
20.2886848500000	19.9571107600000	0
20.2711671600000	23.9528885700000	0
20.2649985500000	15.1328597100000	0
20.2630408300000	25.7117895100000	0
20.2563699400000	20.2448912100000	0
20.2504921400000	20.1845923500000	0
20.2249586200000	20.2653438300000	0
20.1866030900000	25.6211213600000	0
20.1826193600000	11.1946219200000	0
20.1638263900000	19.1880612300000	0
20.1592713700000	19.8516427000000	0
20.1584078300000	20.8752774300000	0
20.1536949300000	19.9744197700000	0
20.1366869400000	22.1370154500000	0
20.1221054300000	23.5245372700000	0
20.1199923000000	24.0933309400000	0
20.1125922900000	20.2393842000000	0
20.0967674000000	17.2958795600000	0
20.0919429400000	16.5832601900000	0
20.0887987800000	19.3593575100000	0
20.0847442000000	19.9666934000000	0
20.0786548500000	21.4013268900000	0
20.0765453800000	19.8175976100000	0
20.0737597700000	20.9317357700000	0
20.0656072000000	23.9649447200000	0
20.0643887300000	26.8785750600000	0
20.0557327400000	18.4960368600000	0
20.0488176600000	20.3299001600000	0
20.0232048100000	23.3992482000000	0
20.0212011400000	16.3899520100000	0
20.0177714900000	19.9328887400000	0
20.0137905700000	28.8786090900000	0
20.0085195200000	19.9698230600000	0
20.0068536400000	15.6265024700000	0
20.0013692000000	19.9992983400000	0
20.0002017600000	26.3608231900000	0
19.9997947400000	20.0047334900000	0
19.9976780500000	19.9994376200000	0
19.9949515500000	20.0451993500000	0
19.9915507100000	19.9734197300000	0
19.9869715100000	20.0071038800000	0
19.9862211400000	19.9988678700000	0
19.9796610000000	18.8817719000000	0
19.9766911700000	20.0863258300000	0
19.9746188100000	19.2135620100000	0
19.9634567400000	18.8873156500000	0
19.9580024000000	22.6932375700000	0
19.9481220900000	14.5112307900000	0
19.9382417200000	20.7825963200000	0
19.9340382100000	19.8169191600000	0
19.9251055900000	20.6646171300000	0
19.9139898200000	19.9551279700000	0
19.9117839100000	19.7366713800000	0
19.9098927600000	20.6187767000000	0
19.8953233700000	20.1254000200000	0
19.8948058500000	20.9591759700000	0
19.8930211700000	28.7446762200000	0
19.8784031000000	20.8384050500000	0
19.8745546600000	20.0635093000000	0
19.8736661500000	20.0178826700000	0
19.8691044100000	18.5742774000000	0
19.8633070700000	20.3298068300000	0
19.8518079000000	19.6478432400000	0
19.8407995200000	20.4169208500000	0
19.8388476700000	20.2163465300000	0
19.8278046600000	17.9097155800000	0
19.7999542400000	26.7481865600000	0
19.7970128500000	20.2249568400000	0
19.7747456900000	22.7452645900000	0
19.7729179600000	25.6124289200000	0
19.7667995200000	14.4942992400000	0
19.7543587700000	20.6647572400000	0
19.7539336900000	21.2679501200000	0
19.7528803600000	20.0934334900000	0
19.7152349500000	15.2929411500000	0
19.7129737400000	19.7971676700000	0
19.7091964500000	20.5212614600000	0
19.7075422600000	24.5408273300000	0
19.7074784200000	20.2839639200000	0
19.6931326400000	20.6558027400000	0
19.6914627100000	20.5548133000000	0
19.6742515400000	18.6591360100000	0
19.6688426700000	28.8238337300000	0
19.6638465700000	14.4000275000000	0
19.6587735800000	20.2519241100000	0
19.6427354900000	21.9974137500000	0
19.6383734500000	26.2213090500000	0
19.6324276000000	20.6833640000000	0
19.6320025800000	21.4101942500000	0
19.6057950700000	18.8463598500000	0
19.6017481800000	19.2044014700000	0
19.5766974600000	26.9910787700000	0
19.5756302600000	20.1945493300000	0
19.5644874500000	21.2452626500000	0
19.5574911900000	19.8197579900000	0
19.5434655200000	19.0244345400000	0
19.5411698000000	19.7204103800000	0
19.5148579900000	25.8407760000000	0
19.5114610800000	20.4883991900000	0
19.5067547200000	21.7659565200000	0
19.5016133100000	12.2038649500000	0
19.4562824900000	20.7531134600000	0
19.4551277500000	20.3073922100000	0
19.4297658400000	20.1011922800000	0
19.3753803600000	20.5303066500000	0
19.3735652700000	20.0827419500000	0
19.3721356900000	21.2709555700000	0
19.3680938300000	16.6306184400000	0
19.3577420500000	26.9988878300000	0
19.3535430000000	21.5455687000000	0
19.3523685500000	27.4236164400000	0
19.3445121600000	19.4833605000000	0
19.3362057300000	21.1657025800000	0
19.3342901600000	21.2346977200000	0
19.3290956300000	20.6085020700000	0
19.3247135700000	21.4020772200000	0
19.3245767100000	22.6074917600000	0
19.3128484100000	19.7408650100000	0
19.2577161500000	17.9478902600000	0
19.2437815300000	19.6091096100000	0
19.2368073000000	20.3524324800000	0
19.2353875800000	20.5460821200000	0
19.2292114700000	21.0346811600000	0
19.2234534900000	10.2566406600000	0
19.2157508200000	20.9882040800000	0
19.2102353500000	10.5941514700000	0
19.1965162800000	20.5368213400000	0
19.1957662900000	22.6562519800000	0
19.1689448600000	19.6924969200000	0
19.1584587100000	19.3033115800000	0
19.1582693600000	22.6435420500000	0
19.1340860400000	18.7039520500000	0
19.1135072100000	16.9936837200000	0
19.1024150600000	29.4270610400000	0
19.0718429000000	24.3784849000000	0
19.0621693600000	20.0210651300000	0
19.0395177900000	20.1157827900000	0
19.0384322800000	21.3985578900000	0
19.0360581600000	20.3533369900000	0
19.0261483400000	11.9327676700000	0
19.0231293800000	20.8879392200000	0
19.0153038400000	21.4953310500000	0
19.0090609300000	24.5016040900000	0
19.0084571200000	14.3488284300000	0
18.9764874300000	27.6930437900000	0
18.9699292900000	20.4010618800000	0
18.9520775300000	20.9653085200000	0
18.9447861700000	25.8793039500000	0
18.9421589800000	22.0325289100000	0
18.9265784200000	20.7895686400000	0
18.8572590500000	18.5700844200000	0
18.8424744500000	19.7377921900000	0
18.8341293900000	10.4516625900000	0
18.8250752100000	20.5254345200000	0
18.8231882100000	21.6887281800000	0
18.8069556600000	21.4945763000000	0
18.7962383900000	20.8122687600000	0
18.7658912700000	21.1455772700000	0
18.7218454400000	24.6554819400000	0
18.7179071400000	18.0818729900000	0
18.6939874900000	23.6350041600000	0
18.6923137900000	26.8901006100000	0
18.6822656000000	25.5574939300000	0
18.6426092900000	27.0622744900000	0
18.6405989900000	21.4834239900000	0
18.6348840500000	18.2767488300000	0
18.5976470500000	12.9099798500000	0
18.5748911400000	20.5665769000000	0
18.5728514200000	25.8317215300000	0
18.5521964000000	16.5645246300000	0
18.5184041600000	25.7576893600000	0
18.5133714300000	12.7231106600000	0
18.5133170200000	20.8479947500000	0
18.5079818200000	26.1697199900000	0
18.5032424000000	26.3239870500000	0
18.4824152500000	18.6979853700000	0
18.4817463300000	21.1599457100000	0
18.4733918200000	23.0297937200000	0
18.4733035400000	20.4971580500000	0
18.4512609600000	20.6120354600000	0
18.4415067900000	24.4164131900000	0
18.4345699300000	22.7025163000000	0
18.4265482900000	24.5751262300000	0
18.4079290500000	28.2188849500000	0
18.3937459100000	21.3936248100000	0
18.3918050000000	21.6179309200000	0
18.3695776200000	19.0933729300000	0
18.3602104800000	16.9071771400000	0
18.3411267600000	19.1919941800000	0
18.3337559000000	23.6823745000000	0
18.3138331200000	18.7381826900000	0
18.3110627100000	17.2945791200000	0
18.3064617300000	21.1760607000000	0
18.2985545800000	24.3250984900000	0
18.2969247400000	28.2626723700000	0
18.2740142200000	24.8595231000000	0
18.2393485400000	22.7646237100000	0
18.2254369600000	20.6978147600000	0
18.2113757300000	27.0142354900000	0
18.1835321600000	20.3767928400000	0
18.1810922200000	26.8356545500000	0
18.1526914800000	24.5321719800000	0
18.1516525100000	18.7118392000000	0
18.1408878700000	22.7192909300000	0
18.1374472500000	28.6309115900000	0
18.1316574400000	25.9223736300000	0
18.1031494700000	21.1373286500000	0
18.0806000900000	20.3603863100000	0
18.0800181200000	12.8978480000000	0
18.0492381400000	10.4321620000000	0
18.0473242100000	22.3733305600000	0
18.0421095700000	19.1610566000000	0
18.0260225700000	27.4620723000000	0
17.9830587100000	15.8349891000000	0
17.9238972400000	23.9438514900000	0
17.9030277300000	24.5482445300000	0
17.8968233400000	10.7766403000000	0
17.8809644100000	29.7673384500000	0
17.8804354000000	25.5314784000000	0
17.8382302800000	25.1299555400000	0
17.8354911500000	18.6366967500000	0
17.7804573400000	28.4404124100000	0
17.7520535200000	17.6947673600000	0
17.7459058700000	25.3938756500000	0
17.7127933100000	17.1570219800000	0
17.6887037300000	26.7995236400000	0
17.6836684400000	18.5811959600000	0
17.6791219300000	17.1490140800000	0
17.6752288700000	20.3998491200000	0
17.6627353100000	25.1337156700000	0
17.6527539000000	20.9908423200000	0
17.6145295400000	22.3830531600000	0
17.5958675900000	17.0529977800000	0
17.5830379000000	17.3058137500000	0
17.5791412000000	22.3408480800000	0
17.5643212300000	14.9406679200000	0
17.5613570800000	19.1712718600000	0
17.5611258200000	22.7327266100000	0
17.5499213100000	20.6953154700000	0
17.5465504300000	21.5363251600000	0
17.5422109300000	19.1636307900000	0
17.5121960000000	18.5744761000000	0
17.4846126300000	17.2483234800000	0
17.4444020800000	28.3570416700000	0
17.4173296800000	16.1456384500000	0
17.4014495000000	22.7330428900000	0
17.3961587700000	22.0954479500000	0
17.3750740400000	21.3378349500000	0
17.3623283200000	20.6313012500000	0
17.3450918700000	26.5297133700000	0
17.3277236400000	22.4919328000000	0
17.3262030100000	25.6299484300000	0
17.3125253700000	24.5337946100000	0
17.3003945000000	21.3383311800000	0
17.2805385100000	23.2739891800000	0
17.2726318600000	23.3686994500000	0
17.2702678500000	11.4413359100000	0
17.2672110400000	18.2733364800000	0
17.2600185300000	18.8138656700000	0
17.2565435800000	21.0980771200000	0
17.2192933400000	16.5633715400000	0
17.2189387000000	26.9886293400000	0
17.2040071400000	10.9514549200000	0
17.1407994600000	25.0268027500000	0
17.1247513400000	14.4448459600000	0
17.1083688500000	27.7519863900000	0
17.0916673200000	19.6610194200000	0
17.0877867400000	28.0499468000000	0
17.0872716500000	21.5184462800000	0
17.0657437600000	13.2533350700000	0
17.0423659400000	12.7077920700000	0
16.9496469600000	12.7347977600000	0
16.9103327600000	18.9132285400000	0
16.8905233000000	21.3420501300000	0
16.8792402900000	21.9800232500000	0
16.8654570200000	18.6294460700000	0
16.8061024100000	21.0520736500000	0
16.7827289800000	18.3454905400000	0
16.7612313500000	22.7748643400000	0
16.7395103100000	19.3468590300000	0
16.7234480000000	11.3174296500000	0
16.6882497000000	20.5635014600000	0
16.6668994400000	21.9688975200000	0
16.6483484900000	13.3612469200000	0
16.5693960900000	22.8042919100000	0
16.5511517300000	18.1237267500000	0
16.5412104000000	20.6777239500000	0
16.5280649800000	11.2618663500000	0
16.5228783500000	17.3746816000000	0
16.4938182200000	19.8538052500000	0
16.4705668500000	21.9206474100000	0
16.4477197700000	20.6325064300000	0
16.4418745100000	16.9792589400000	0
16.4262304700000	18.2146802200000	0
16.3733594100000	21.0011039400000	0
16.3724591700000	19.5595369900000	0
16.2494812700000	16.7021943500000	0
16.2480623800000	20.4704493700000	0
16.2126020100000	17.7897463500000	0
16.1979483400000	21.6591745100000	0
16.1612451000000	25.0033666300000	0
16.1566747200000	18.4470068100000	0
16.1394700600000	26.7559334800000	0
16.1338261400000	13.1748633000000	0
16.1030174500000	21.2037804900000	0
16.0401965200000	17.5426768000000	0
15.9914190700000	22.5374211000000	0
15.9079132900000	23.2135526800000	0
15.8876116400000	21.9280653600000	0
15.8759709200000	16.7205629900000	0
15.8430957700000	21.2767013300000	0
15.6817330900000	19.9066728800000	0
15.6750896400000	25.8255894000000	0
15.6617331500000	22.8593401400000	0
15.6534030500000	18.9828236700000	0
15.6033513600000	26.8050210100000	0
15.5370495200000	24.8769155300000	0
15.5195382400000	22.5372477100000	0
15.5180565000000	23.2886421400000	0
15.5086854700000	19.6937852500000	0
15.4673089400000	22.8959294600000	0
15.4296190300000	17.0609755600000	0
15.3726513400000	20.6774382200000	0
15.3626170800000	18.9905484000000	0
15.3391809300000	25.2635806200000	0
15.3235757200000	11.7086765400000	0
15.3115173400000	25.5629945800000	0
15.3111317000000	23.8612030400000	0
15.2919939700000	15.5861393500000	0
15.2463245400000	19.3415033600000	0
15.2042168000000	15.3694781200000	0
15.1832537900000	27.4670432400000	0
15.1694544400000	27.5064772500000	0
15.1379541300000	14.9395857600000	0
15.1359059700000	25.3412536500000	0
15.1315190000000	27.0188688700000	0
15.0535795200000	28.0054388700000	0
15.0398619400000	21.3945006900000	0
14.9754548400000	19.8532963800000	0
14.9349152700000	26.7001176500000	0
14.9280086300000	21.8457545800000	0
14.9111427600000	22.2533614200000	0
14.8769677600000	21.5878102600000	0
14.8264138900000	19.6191743800000	0
14.8100918300000	22.8968870500000	0
14.8006961300000	21.4680830900000	0
14.7094181000000	21.5864527400000	0
14.7029922000000	27.0827907500000	0
14.6894733700000	26.2135239200000	0
14.6092695800000	20.0616945900000	0
14.5912966400000	27.3962658100000	0
14.5149313400000	20.9794725200000	0
14.4495473800000	19.7554916800000	0
14.4009233300000	16.9854368900000	0
14.3986558900000	23.7029135700000	0
14.3965415600000	17.5747621800000	0
14.3879316100000	26.8393790000000	0
14.3762694900000	20.8916526400000	0
14.3316031800000	19.9999155700000	0
14.3209984000000	19.4519705000000	0
14.3125463200000	22.7077667400000	0
14.2729447000000	25.7581240800000	0
14.1885795700000	27.6872044800000	0
14.1756559500000	18.1488963200000	0
14.1446973300000	23.4375864400000	0
14.1000142400000	12.3094764000000	0
14.0747165100000	18.2851206800000	0
14.0520121100000	27.4521102700000	0
14.0429109300000	21.2818424800000	0
13.9512741300000	25.4358065300000	0
13.9330200600000	25.8566978000000	0
13.9072069500000	25.7382805900000	0
13.8432368600000	25.9787017800000	0
13.8094000700000	18.6801846000000	0
13.7169937100000	25.0594269600000	0
13.6916468200000	23.0353866900000	0
13.6435875200000	20.6480982900000	0
13.6020760300000	22.9338241900000	0
13.5843683300000	21.2834243100000	0
13.5824311800000	22.2618005800000	0
13.5753448200000	18.8074645600000	0
13.5129640800000	26.9228180600000	0
13.5092509800000	18.9523376500000	0
13.5066471700000	14.7770928000000	0
13.4761982600000	25.3457058500000	0
13.4493987100000	20.2526386100000	0
13.4232454100000	22.3141147800000	0
13.3724007200000	26.7795619600000	0
13.3551296700000	18.8611557500000	0
13.3349764700000	23.4649278300000	0
13.2824409600000	16.5020629700000	0
13.2381360400000	25.0241758600000	0
13.2307145500000	16.7466664100000	0
13.2030127300000	23.1739952500000	0
13.2002952700000	27.2671847600000	0
13.1990323800000	20.6269365000000	0
13.1781958700000	19.6720301200000	0
13.1664971800000	13.1411814700000	0
13.1611289400000	21.1928673400000	0
13.1283411900000	23.1078332300000	0
13.0948332600000	13.7154822000000	0
13.0369714500000	23.0824594300000	0
12.9754808500000	22.8053634000000	0
12.8011148900000	18.9206647200000	0
12.7854313800000	20.8175194500000	0
12.7615240400000	19.2017818600000	0
12.7460196200000	18.3312875800000	0
12.7057092700000	20.6459493800000	0
12.7013976400000	25.9950334800000	0
12.6275462000000	23.0641188300000	0
12.6203839800000	20.0876070700000	0
12.6070698400000	19.8542137000000	0
12.5891866900000	18.6109547700000	0
12.5797170700000	19.6240713600000	0
12.4503579500000	23.2871449200000	0
12.4146530100000	23.1406974900000	0
12.3674873600000	14.3281199900000	0
12.2864241900000	25.2440134000000	0
12.2788315300000	20.5518991400000	0
12.1513096400000	21.6970263300000	0
12.1237318600000	16.4497729500000	0
12.1090804600000	21.4097831100000	0
12.0845282100000	18.5223706800000	0
12.0682342500000	16.2701481800000	0
12.0171587000000	16.7559592800000	0
12.0140614100000	19.3979558900000	0
11.9822617500000	21.4284392000000	0
11.9217774900000	20.2152824700000	0
11.9201743600000	24.4552597800000	0
11.8843842400000	24.8021513400000	0
11.8449104900000	14.4434238900000	0
11.8014413100000	20.5374010600000	0
11.6680915200000	22.4454548600000	0
11.6338490900000	20.0337725300000	0
11.4747502100000	19.2938392600000	0
11.3784907800000	16.1660789000000	0
11.3567716700000	18.0499286300000	0
11.3331247100000	18.6722662200000	0
11.3298036800000	17.7406133700000	0
11.3143770000000	18.7275392600000	0
11.2636363000000	20.1378927300000	0
11.2426333200000	22.4146644800000	0
11.2184315000000	24.5751167900000	0
11.1694564600000	23.8697622600000	0
11.1308256600000	24.0706650900000	0
11.1224407000000	18.7162884300000	0
11.0963988000000	22.7090292300000	0
11.0464427500000	17.8861843300000	0
10.9243832800000	21.9675203100000	0
10.8673263300000	18.8134898000000	0
10.8151975500000	22.5567949200000	0
10.7540241000000	22.8532188100000	0
10.6420383900000	19.9033684500000	0
10.5513399000000	18.4804653800000	0
10.4885108000000	17.3243402900000	0
10.4017664800000	20.6618068100000	0
2.84417909500000	0.480609679000000	0
2.69955975500000	0.459582342000000	0
2.58813278300000	-0.799470637000000	0
2.57238763800000	-0.912067090000000	0
2.45698561000000	1.11060698100000	0
2.45337650300000	0.337256545000000	0
2.44213456300000	1.52690928100000	0
2.39354674500000	1.00024650000000	0
2.38231184800000	0.754882330000000	0
2.34450391800000	0.906859726000000	0
2.33208057700000	1.85775751500000	0
2.33185865200000	-0.983449055000000	0
2.32343051500000	0.786154857000000	0
2.31241306700000	1.54884255800000	0
2.29332178800000	0.521861434000000	0
2.10124764300000	-0.00737575400000000	0
2.02877450700000	0.109588106000000	0
1.98487039000000	-0.794161992000000	0
1.94245905200000	0.763610193000000	0
1.93678171100000	0.238931862000000	0
1.91976389600000	1.64222636200000	0
1.89206315500000	0.0883761820000000	0
1.85140010000000	0.137776015000000	0
1.79280961600000	-0.528816544000000	0
1.76365620200000	0.809446230000000	0
1.72414563200000	1.49533600800000	0
1.70036925900000	0.509706095000000	0
1.63060125000000	0.997740088000000	0
1.61884119400000	2.09480914900000	0
1.57869800500000	-2.35717077900000	0
1.45828064600000	1.90848180600000	0
1.44301390100000	0.237804224000000	0
1.39046848700000	0.0991777360000000	0
1.38621837600000	2.14617473800000	0
1.38073662100000	2.02106172300000	0
1.36298683200000	0.0683690480000000	0
1.35405013300000	-1.29230035500000	0
1.31985580900000	-1.12446104900000	0
1.31559495000000	0.311212510000000	0
1.29957119300000	-0.0731502590000000	0
1.19821658700000	0.565610225000000	0
1.18501445500000	-0.734509732000000	0
1.17208039000000	2.59135722300000	0
1.16880315100000	1.26813959200000	0
1.11526782200000	2.48663828600000	0
1.10265211100000	0.967826553000000	0
1.08163362700000	1.12338523600000	0
1.06448343900000	1.66706371800000	0
1.06370777800000	-0.190455294000000	0
1.06204701200000	-0.260075796000000	0
0.942836242000000	1.28349308400000	0
0.853730571000000	-1.60865869700000	0
0.829134777000000	-2.48417560600000	0
0.795547447000000	0.197053765000000	0
0.766317297000000	0.675468818000000	0
0.752397543000000	-2.34894201200000	0
0.734397757000000	0.484487711000000	0
0.666271980000000	0.658312668000000	0
0.653048081000000	-0.291869692000000	0
0.639064128000000	-1.32810443000000	0
0.627364045000000	2.59991151100000	0
0.624382319000000	0.820196168000000	0
0.605678544000000	0.249695730000000	0
0.579356123000000	0.0244825760000000	0
0.575759026000000	1.19181714600000	0
0.568538380000000	1.15886043500000	0
0.562972505000000	0.123170722000000	0
0.553477835000000	0.484824605000000	0
0.519422875000000	-0.118892895000000	0
0.510560555000000	0.429603864000000	0
0.483325839000000	-1.69236277100000	0
0.475600742000000	2.52006724600000	0
0.474249490000000	0.981211695000000	0
0.426122867000000	2.53022878500000	0
0.394987228000000	-0.862777664000000	0
0.368194982000000	1.03503442400000	0
0.359970999000000	0.917954992000000	0
0.358293020000000	0.0564758570000000	0
0.355617514000000	0.540728417000000	0
0.330310168000000	0.648570483000000	0
0.317911895000000	0.671176532000000	0
0.310727888000000	-1.03575633900000	0
0.287602428000000	0.440797139000000	0
0.275243877000000	-0.399522169000000	0
0.269039440000000	1.01082532900000	0
0.267310207000000	0.263714282000000	0
0.249234522000000	-1.40454206700000	0
0.233073617000000	-0.163809959000000	0
0.208650634000000	-2.62846682000000	0
0.201408329000000	-1.34327255700000	0
0.193284949000000	0.158782681000000	0
0.189078470000000	0.439938722000000	0
0.187582227000000	1.13981896800000	0
0.184217587000000	0.0160434100000000	0
0.180021145000000	0.330124903000000	0
0.178117566000000	1.94759973600000	0
0.164916616000000	-0.322320966000000	0
0.159145430000000	0.0878714400000000	0
0.130974365000000	1.46088751400000	0
0.122049952000000	0.139796644000000	0
0.112665318000000	0.926032652000000	0
0.106222683000000	-1.38929357400000	0
0.0997102830000000	1.28702066000000	0
0.0973040470000000	-0.0433017870000000	0
0.0832152260000000	-0.118193531000000	0
0.0682247730000000	0.485903418000000	0
0.0641606080000000	0.128351247000000	0
0.0580374460000000	0.0418478610000000	0
0.0514452330000000	0.0127755420000000	0
0.0448095640000000	0.138393278000000	0
0.0438301410000000	0.908996823000000	0
0.0278638260000000	-0.00756957700000000	0
0.0212010390000000	-2.60605525300000	0
0.0165780940000000	0.359074568000000	0
0.0113556380000000	-0.0337708020000000	0
0.00466722900000000	1.73356082800000	0
0.00395952700000000	0.00806462700000000	0
0.00118863000000000	-0.0198446250000000	0
9.74000000000000e-05	0.0380410230000000	0
-0.00217186000000000	-0.00745033500000000	0
-0.00259765200000000	0.0228105130000000	0
-0.00343403400000000	-0.0239367190000000	0
-0.0111494220000000	0.548451713000000	0
-0.0226498010000000	0.0605189210000000	0
-0.0299462720000000	0.353186937000000	0
-0.0395533340000000	-0.219170985000000	0
-0.0399667960000000	2.51791924400000	0
-0.0430391190000000	0.0142814520000000	0
-0.0663209880000000	0.110862172000000	0
-0.0678071570000000	0.411467903000000	0
-0.0921434410000000	-0.376299645000000	0
-0.107097268000000	0.0376213230000000	0
-0.127267999000000	-0.0166631090000000	0
-0.148096496000000	-0.989658070000000	0
-0.151536446000000	0.430950694000000	0
-0.161969514000000	0.0703319360000000	0
-0.163081449000000	-0.547895347000000	0
-0.177647753000000	0.0227886790000000	0
-0.195780193000000	0.678129279000000	0
-0.203390707000000	0.208449404000000	0
-0.207435311000000	-0.508101433000000	0
-0.210304586000000	-0.0201382860000000	0
-0.229817811000000	1.47243293400000	0
-0.234776742000000	1.38248201100000	0
-0.236646876000000	-0.0149702340000000	0
-0.247318757000000	0.201332382000000	0
-0.248032304000000	-1.24119523300000	0
-0.253192989000000	-1.61437962400000	0
-0.295463157000000	1.58265730400000	0
-0.306770205000000	-0.872830160000000	0
-0.325226168000000	0.0435552860000000	0
-0.336616146000000	1.59585168000000	0
-0.351384090000000	0.532848043000000	0
-0.352324670000000	0.441833385000000	0
-0.359515482000000	-0.348126492000000	0
-0.380372342000000	-0.0554315990000000	0
-0.385383764000000	1.20838549100000	0
-0.412210129000000	-0.102559507000000	0
-0.422738060000000	0.0135845450000000	0
-0.433045680000000	0.406283627000000	0
-0.433552078000000	-0.206307314000000	0
-0.435134496000000	1.99214139300000	0
-0.451779734000000	2.49616056500000	0
-0.463013152000000	-1.51335826100000	0
-0.485931429000000	2.56918224800000	0
-0.528436342000000	0.115392329000000	0
-0.545615353000000	-0.318425318000000	0
-0.548975439000000	-0.603512832000000	0
-0.568940600000000	0.987166563000000	0
-0.583806278000000	1.37786192800000	0
-0.590566379000000	0.00701020000000000	0
-0.601016746000000	1.90343982100000	0
-0.612472892000000	-0.910440813000000	0
-0.640904382000000	0.299469957000000	0
-0.641574910000000	1.77801600800000	0
-0.661217071000000	1.11943862700000	0
-0.666454477000000	-1.39098550600000	0
-0.701687521000000	-0.366859634000000	0
-0.702363972000000	-1.69234063300000	0
-0.711674490000000	1.36653648100000	0
-0.748020006000000	1.04717271500000	0
-0.752503477000000	0.463527664000000	0
-0.757285472000000	1.45905081200000	0
-0.786487718000000	0.831095387000000	0
-0.788731413000000	-0.433264352000000	0
-0.796177245000000	1.13842691100000	0
-0.805224799000000	2.31170467500000	0
-0.828672549000000	-2.40181544500000	0
-0.843635298000000	0.226648501000000	0
-0.866021378000000	-1.20330276300000	0
-0.887744268000000	0.803374835000000	0
-0.916972581000000	2.29749042500000	0
-0.999538157000000	1.34327638400000	0
-1.03870676100000	1.33432736100000	0
-1.07761186400000	0.100394967000000	0
-1.14855176500000	0.830570944000000	0
-1.18676348700000	-2.05135415300000	0
-1.19740694600000	1.40418601100000	0
-1.24904618100000	1.42709373700000	0
-1.28885851700000	-0.551531151000000	0
-1.29849098200000	1.09302009300000	0
-1.33686745400000	-0.0987913720000000	0
-1.33808023100000	-0.702644627000000	0
-1.34874536000000	-0.241053129000000	0
-1.36518191200000	-2.11568501200000	0
-1.42186865800000	0.254216264000000	0
-1.42225581900000	-1.67331621800000	0
-1.44591029600000	-0.386909550000000	0
-1.46533090400000	-0.787434465000000	0
-1.50519197900000	-0.277820285000000	0
-1.53802358600000	1.82124361800000	0
-1.56521624300000	-1.14111283100000	0
-1.58558881900000	-0.482191909000000	0
-1.59601678200000	2.14744483600000	0
-1.60581708600000	0.228115852000000	0
-1.63911948100000	-1.54133311300000	0
-1.66144272900000	0.903262776000000	0
-1.68380502100000	1.14523202000000	0
-1.70034917800000	-0.183227837000000	0
-1.75875693300000	-0.0260958980000000	0
-1.76802489300000	0.158405692000000	0
-1.78833569300000	2.12262754800000	0
-1.83860309300000	1.31182651000000	0
-1.89878780600000	-0.876841633000000	0
-1.91254943900000	-0.227432239000000	0
-1.98183652900000	1.10153822000000	0
-1.99129087500000	-0.850998512000000	0
-2.00473876900000	1.36905876600000	0
-2.03346260700000	1.78346745600000	0
-2.05161426500000	-0.294933602000000	0
-2.05535429800000	-1.22679008000000	0
-2.07156006900000	-0.777496149000000	0
-2.08463395500000	1.73043732700000	0
-2.09277922300000	-1.28422807100000	0
-2.09618172700000	0.117969741000000	0
-2.11794280100000	1.64049738100000	0
-2.17072814900000	-0.0986922700000000	0
-2.21812776400000	1.66178812100000	0
-2.23223191000000	0.953700550000000	0
-2.23688298800000	0.584851930000000	0
-2.34208665600000	1.55046040300000	0
-2.35572199400000	0.670457458000000	0
-2.39474213300000	1.49307228000000	0
-2.41770529700000	0.841340344000000	0
-2.46369709600000	0.0458455170000000	0
-2.50058916500000	0.642019997000000	0
-2.55808072300000	-1.12934856800000	0
-2.58096086300000	1.25734477000000	0
-2.80177655300000	1.02547451600000	0
-2.81204374800000	-0.610291983000000	0
-2.82160137200000	-0.0907397460000000	0
