3.66058887800000	-0.222026359000000	1
3.63833992500000	1.07976349000000	1
3.59833435400000	2.33391299400000	1
3.54633601700000	0.636709197000000	1
3.47702283400000	2.43697715300000	1
3.43493170100000	2.48794526300000	1
3.24666428400000	1.78802860200000	1
3.18980251300000	3.03204286200000	1
3.14823530700000	2.92725760500000	1
3.02732264900000	1.19032462600000	1
2.50913086000000	3.27820110000000	1
2.66196477800000	1.80876364700000	1
2.65050088700000	-0.380060603000000	1
2.36227445700000	1.82529700800000	1
1.92524276800000	-0.414354924000000	1
1.89111060800000	2.19174006200000	1
1.85160052200000	3.10588211000000	1
1.67242528100000	2.52992672200000	1
1.46138578700000	3.28939166100000	1
1.32648104500000	3.16855075600000	1
1.31973377200000	3.34410124900000	1
1.30676801200000	1.40509351700000	1
1.17710430700000	1.60753165100000	1
1.14654877000000	-0.508586026000000	1
0.993079197000000	-0.383200842000000	1
0.410557049000000	1.84715877300000	1
-0.174183798000000	1.70236717700000	1
-0.301205444000000	2.50626398500000	1
-0.422657569000000	1.20363738800000	1
-0.486425231000000	0.978895447000000	1
-0.563569966000000	-0.402927618000000	1
-0.634647670000000	0.334589851000000	1
-0.788207579000000	3.19390248700000	1
-0.796224217000000	3.28800271600000	1
1.75000000000000	1	1
0.500000000000000	-0.500000000000000	1
2	1.80000000000000	1
1.38000000000000	2.43800000000000	1
1.25000000000000	-0.400000000000000	1
0.500000000000000	3.25000000000000	1
3	0	0
3	0.0909090910000000	0
3	0.181818182000000	0
3	0.272727273000000	0
3	0.363636364000000	0
3	0.454545455000000	0
3	0.545454545000000	0
3	0.636363636000000	0
3	0.727272727000000	0
3	0.818181818000000	0
3	0.909090909000000	0
3	1	0
3	2	0
3	2.04761904800000	0
3	2.09523809500000	0
3	2.14285714300000	0
3	2.19047619000000	0
3	2.23809523800000	0
3	2.28571428600000	0
3	2.33333333300000	0
3	2.38095238100000	0
3	2.42857142900000	0
3	2.47619047600000	0
3	2.52380952400000	0
3	2.57142857100000	0
3	2.61904761900000	0
3	2.66666666700000	0
3	2.71428571400000	0
3	2.76190476200000	0
3	2.80952381000000	0
3	2.85714285700000	0
3	2.90476190500000	0
3	2.95238095200000	0
3	3	0
2.95238095200000	2	0
2.95238095200000	2.04761904800000	0
2.95238095200000	2.09523809500000	0
2.95238095200000	2.14285714300000	0
2.95238095200000	2.19047619000000	0
2.95238095200000	2.23809523800000	0
2.95238095200000	2.28571428600000	0
2.95238095200000	2.33333333300000	0
2.95238095200000	2.38095238100000	0
2.95238095200000	2.42857142900000	0
2.95238095200000	2.47619047600000	0
2.95238095200000	2.52380952400000	0
2.95238095200000	2.57142857100000	0
2.95238095200000	2.61904761900000	0
2.95238095200000	2.66666666700000	0
2.95238095200000	2.71428571400000	0
2.95238095200000	2.76190476200000	0
2.95238095200000	2.80952381000000	0
2.95238095200000	2.85714285700000	0
2.95238095200000	2.90476190500000	0
2.95238095200000	2.95238095200000	0
2.95238095200000	3	0
2.90909090900000	0	0
2.90909090900000	0.0909090910000000	0
2.90909090900000	0.181818182000000	0
2.90909090900000	0.272727273000000	0
2.90909090900000	0.363636364000000	0
2.90909090900000	0.454545455000000	0
2.90909090900000	0.545454545000000	0
2.90909090900000	0.636363636000000	0
2.90909090900000	0.727272727000000	0
2.90909090900000	0.818181818000000	0
2.90909090900000	0.909090909000000	0
2.90909090900000	1	0
2.90476190500000	2	0
2.90476190500000	2.04761904800000	0
2.90476190500000	2.09523809500000	0
2.90476190500000	2.14285714300000	0
2.90476190500000	2.19047619000000	0
2.90476190500000	2.23809523800000	0
2.90476190500000	2.28571428600000	0
2.90476190500000	2.33333333300000	0
2.90476190500000	2.38095238100000	0
2.90476190500000	2.42857142900000	0
2.90476190500000	2.47619047600000	0
2.90476190500000	2.52380952400000	0
2.90476190500000	2.57142857100000	0
2.90476190500000	2.61904761900000	0
2.90476190500000	2.66666666700000	0
2.90476190500000	2.71428571400000	0
2.90476190500000	2.76190476200000	0
2.90476190500000	2.80952381000000	0
2.90476190500000	2.85714285700000	0
2.90476190500000	2.90476190500000	0
2.90476190500000	2.95238095200000	0
2.90476190500000	3	0
2.85714285700000	2	0
2.85714285700000	2.04761904800000	0
2.85714285700000	2.09523809500000	0
2.85714285700000	2.14285714300000	0
2.85714285700000	2.19047619000000	0
2.85714285700000	2.23809523800000	0
2.85714285700000	2.28571428600000	0
2.85714285700000	2.33333333300000	0
2.85714285700000	2.38095238100000	0
2.85714285700000	2.42857142900000	0
2.85714285700000	2.47619047600000	0
2.85714285700000	2.52380952400000	0
2.85714285700000	2.57142857100000	0
2.85714285700000	2.61904761900000	0
2.85714285700000	2.66666666700000	0
2.85714285700000	2.71428571400000	0
2.85714285700000	2.76190476200000	0
2.85714285700000	2.80952381000000	0
2.85714285700000	2.85714285700000	0
2.85714285700000	2.90476190500000	0
2.85714285700000	2.95238095200000	0
2.85714285700000	3	0
2.81818181800000	0	0
2.81818181800000	0.0909090910000000	0
2.81818181800000	0.181818182000000	0
2.81818181800000	0.272727273000000	0
2.81818181800000	0.363636364000000	0
2.81818181800000	0.454545455000000	0
2.81818181800000	0.545454545000000	0
2.81818181800000	0.636363636000000	0
2.81818181800000	0.727272727000000	0
2.81818181800000	0.818181818000000	0
2.81818181800000	0.909090909000000	0
2.81818181800000	1	0
2.80952381000000	2	0
2.80952381000000	2.04761904800000	0
2.80952381000000	2.09523809500000	0
2.80952381000000	2.14285714300000	0
2.80952381000000	2.19047619000000	0
2.80952381000000	2.23809523800000	0
2.80952381000000	2.28571428600000	0
2.80952381000000	2.33333333300000	0
2.80952381000000	2.38095238100000	0
2.80952381000000	2.42857142900000	0
2.80952381000000	2.47619047600000	0
2.80952381000000	2.52380952400000	0
2.80952381000000	2.57142857100000	0
2.80952381000000	2.61904761900000	0
2.80952381000000	2.66666666700000	0
2.80952381000000	2.71428571400000	0
2.80952381000000	2.76190476200000	0
2.80952381000000	2.80952381000000	0
2.80952381000000	2.85714285700000	0
2.80952381000000	2.90476190500000	0
2.80952381000000	2.95238095200000	0
2.80952381000000	3	0
2.76190476200000	2	0
2.76190476200000	2.04761904800000	0
2.76190476200000	2.09523809500000	0
2.76190476200000	2.14285714300000	0
2.76190476200000	2.19047619000000	0
2.76190476200000	2.23809523800000	0
2.76190476200000	2.28571428600000	0
2.76190476200000	2.33333333300000	0
2.76190476200000	2.38095238100000	0
2.76190476200000	2.42857142900000	0
2.76190476200000	2.47619047600000	0
2.76190476200000	2.52380952400000	0
2.76190476200000	2.57142857100000	0
2.76190476200000	2.61904761900000	0
2.76190476200000	2.66666666700000	0
2.76190476200000	2.71428571400000	0
2.76190476200000	2.76190476200000	0
2.76190476200000	2.80952381000000	0
2.76190476200000	2.85714285700000	0
2.76190476200000	2.90476190500000	0
2.76190476200000	2.95238095200000	0
2.76190476200000	3	0
2.72727272700000	0	0
2.72727272700000	0.0909090910000000	0
2.72727272700000	0.181818182000000	0
2.72727272700000	0.272727273000000	0
2.72727272700000	0.363636364000000	0
2.72727272700000	0.454545455000000	0
2.72727272700000	0.545454545000000	0
2.72727272700000	0.636363636000000	0
2.72727272700000	0.727272727000000	0
2.72727272700000	0.818181818000000	0
2.72727272700000	0.909090909000000	0
2.72727272700000	1	0
2.71428571400000	2	0
2.71428571400000	2.04761904800000	0
2.71428571400000	2.09523809500000	0
2.71428571400000	2.14285714300000	0
2.71428571400000	2.19047619000000	0
2.71428571400000	2.23809523800000	0
2.71428571400000	2.28571428600000	0
2.71428571400000	2.33333333300000	0
2.71428571400000	2.38095238100000	0
2.71428571400000	2.42857142900000	0
2.71428571400000	2.47619047600000	0
2.71428571400000	2.52380952400000	0
2.71428571400000	2.57142857100000	0
2.71428571400000	2.61904761900000	0
2.71428571400000	2.66666666700000	0
2.71428571400000	2.71428571400000	0
2.71428571400000	2.76190476200000	0
2.71428571400000	2.80952381000000	0
2.71428571400000	2.85714285700000	0
2.71428571400000	2.90476190500000	0
2.71428571400000	2.95238095200000	0
2.71428571400000	3	0
2.66666666700000	2	0
2.66666666700000	2.04761904800000	0
2.66666666700000	2.09523809500000	0
2.66666666700000	2.14285714300000	0
2.66666666700000	2.19047619000000	0
2.66666666700000	2.23809523800000	0
2.66666666700000	2.28571428600000	0
2.66666666700000	2.33333333300000	0
2.66666666700000	2.38095238100000	0
2.66666666700000	2.42857142900000	0
2.66666666700000	2.47619047600000	0
2.66666666700000	2.52380952400000	0
2.66666666700000	2.57142857100000	0
2.66666666700000	2.61904761900000	0
2.66666666700000	2.66666666700000	0
2.66666666700000	2.71428571400000	0
2.66666666700000	2.76190476200000	0
2.66666666700000	2.80952381000000	0
2.66666666700000	2.85714285700000	0
2.66666666700000	2.90476190500000	0
2.66666666700000	2.95238095200000	0
2.66666666700000	3	0
2.63636363600000	0	0
2.63636363600000	0.0909090910000000	0
2.63636363600000	0.181818182000000	0
2.63636363600000	0.272727273000000	0
2.63636363600000	0.363636364000000	0
2.63636363600000	0.454545455000000	0
2.63636363600000	0.545454545000000	0
2.63636363600000	0.636363636000000	0
2.63636363600000	0.727272727000000	0
2.63636363600000	0.818181818000000	0
2.63636363600000	0.909090909000000	0
2.63636363600000	1	0
2.61904761900000	2	0
2.61904761900000	2.04761904800000	0
2.61904761900000	2.09523809500000	0
2.61904761900000	2.14285714300000	0
2.61904761900000	2.19047619000000	0
2.61904761900000	2.23809523800000	0
2.61904761900000	2.28571428600000	0
2.61904761900000	2.33333333300000	0
2.61904761900000	2.38095238100000	0
2.61904761900000	2.42857142900000	0
2.61904761900000	2.47619047600000	0
2.61904761900000	2.52380952400000	0
2.61904761900000	2.57142857100000	0
2.61904761900000	2.61904761900000	0
2.61904761900000	2.66666666700000	0
2.61904761900000	2.71428571400000	0
2.61904761900000	2.76190476200000	0
2.61904761900000	2.80952381000000	0
2.61904761900000	2.85714285700000	0
2.61904761900000	2.90476190500000	0
2.61904761900000	2.95238095200000	0
2.61904761900000	3	0
2.57142857100000	2	0
2.57142857100000	2.04761904800000	0
2.57142857100000	2.09523809500000	0
2.57142857100000	2.14285714300000	0
2.57142857100000	2.19047619000000	0
2.57142857100000	2.23809523800000	0
2.57142857100000	2.28571428600000	0
2.57142857100000	2.33333333300000	0
2.57142857100000	2.38095238100000	0
2.57142857100000	2.42857142900000	0
2.57142857100000	2.47619047600000	0
2.57142857100000	2.52380952400000	0
2.57142857100000	2.57142857100000	0
2.57142857100000	2.61904761900000	0
2.57142857100000	2.66666666700000	0
2.57142857100000	2.71428571400000	0
2.57142857100000	2.76190476200000	0
2.57142857100000	2.80952381000000	0
2.57142857100000	2.85714285700000	0
2.57142857100000	2.90476190500000	0
2.57142857100000	2.95238095200000	0
2.57142857100000	3	0
2.54545454500000	0	0
2.54545454500000	0.0909090910000000	0
2.54545454500000	0.181818182000000	0
2.54545454500000	0.272727273000000	0
2.54545454500000	0.363636364000000	0
2.54545454500000	0.454545455000000	0
2.54545454500000	0.545454545000000	0
2.54545454500000	0.636363636000000	0
2.54545454500000	0.727272727000000	0
2.54545454500000	0.818181818000000	0
2.54545454500000	0.909090909000000	0
2.54545454500000	1	0
2.52380952400000	2	0
2.52380952400000	2.04761904800000	0
2.52380952400000	2.09523809500000	0
2.52380952400000	2.14285714300000	0
2.52380952400000	2.19047619000000	0
2.52380952400000	2.23809523800000	0
2.52380952400000	2.28571428600000	0
2.52380952400000	2.33333333300000	0
2.52380952400000	2.38095238100000	0
2.52380952400000	2.42857142900000	0
2.52380952400000	2.47619047600000	0
2.52380952400000	2.52380952400000	0
2.52380952400000	2.57142857100000	0
2.52380952400000	2.61904761900000	0
2.52380952400000	2.66666666700000	0
2.52380952400000	2.71428571400000	0
2.52380952400000	2.76190476200000	0
2.52380952400000	2.80952381000000	0
2.52380952400000	2.85714285700000	0
2.52380952400000	2.90476190500000	0
2.52380952400000	2.95238095200000	0
2.52380952400000	3	0
2.47619047600000	2	0
2.47619047600000	2.04761904800000	0
2.47619047600000	2.09523809500000	0
2.47619047600000	2.14285714300000	0
2.47619047600000	2.19047619000000	0
2.47619047600000	2.23809523800000	0
2.47619047600000	2.28571428600000	0
2.47619047600000	2.33333333300000	0
2.47619047600000	2.38095238100000	0
2.47619047600000	2.42857142900000	0
2.47619047600000	2.47619047600000	0
2.47619047600000	2.52380952400000	0
2.47619047600000	2.57142857100000	0
2.47619047600000	2.61904761900000	0
2.47619047600000	2.66666666700000	0
2.47619047600000	2.71428571400000	0
2.47619047600000	2.76190476200000	0
2.47619047600000	2.80952381000000	0
2.47619047600000	2.85714285700000	0
2.47619047600000	2.90476190500000	0
2.47619047600000	2.95238095200000	0
2.47619047600000	3	0
2.45454545500000	0	0
2.45454545500000	0.0909090910000000	0
2.45454545500000	0.181818182000000	0
2.45454545500000	0.272727273000000	0
2.45454545500000	0.363636364000000	0
2.45454545500000	0.454545455000000	0
2.45454545500000	0.545454545000000	0
2.45454545500000	0.636363636000000	0
2.45454545500000	0.727272727000000	0
2.45454545500000	0.818181818000000	0
2.45454545500000	0.909090909000000	0
2.45454545500000	1	0
2.42857142900000	2	0
2.42857142900000	2.04761904800000	0
2.42857142900000	2.09523809500000	0
2.42857142900000	2.14285714300000	0
2.42857142900000	2.19047619000000	0
2.42857142900000	2.23809523800000	0
2.42857142900000	2.28571428600000	0
2.42857142900000	2.33333333300000	0
2.42857142900000	2.38095238100000	0
2.42857142900000	2.42857142900000	0
2.42857142900000	2.47619047600000	0
2.42857142900000	2.52380952400000	0
2.42857142900000	2.57142857100000	0
2.42857142900000	2.61904761900000	0
2.42857142900000	2.66666666700000	0
2.42857142900000	2.71428571400000	0
2.42857142900000	2.76190476200000	0
2.42857142900000	2.80952381000000	0
2.42857142900000	2.85714285700000	0
2.42857142900000	2.90476190500000	0
2.42857142900000	2.95238095200000	0
2.42857142900000	3	0
2.38095238100000	2	0
2.38095238100000	2.04761904800000	0
2.38095238100000	2.09523809500000	0
2.38095238100000	2.14285714300000	0
2.38095238100000	2.19047619000000	0
2.38095238100000	2.23809523800000	0
2.38095238100000	2.28571428600000	0
2.38095238100000	2.33333333300000	0
2.38095238100000	2.38095238100000	0
2.38095238100000	2.42857142900000	0
2.38095238100000	2.47619047600000	0
2.38095238100000	2.52380952400000	0
2.38095238100000	2.57142857100000	0
2.38095238100000	2.61904761900000	0
2.38095238100000	2.66666666700000	0
2.38095238100000	2.71428571400000	0
2.38095238100000	2.76190476200000	0
2.38095238100000	2.80952381000000	0
2.38095238100000	2.85714285700000	0
2.38095238100000	2.90476190500000	0
2.38095238100000	2.95238095200000	0
2.38095238100000	3	0
2.36363636400000	0	0
2.36363636400000	0.0909090910000000	0
2.36363636400000	0.181818182000000	0
2.36363636400000	0.272727273000000	0
2.36363636400000	0.363636364000000	0
2.36363636400000	0.454545455000000	0
2.36363636400000	0.545454545000000	0
2.36363636400000	0.636363636000000	0
2.36363636400000	0.727272727000000	0
2.36363636400000	0.818181818000000	0
2.36363636400000	0.909090909000000	0
2.36363636400000	1	0
2.33333333300000	2	0
2.33333333300000	2.04761904800000	0
2.33333333300000	2.09523809500000	0
2.33333333300000	2.14285714300000	0
2.33333333300000	2.19047619000000	0
2.33333333300000	2.23809523800000	0
2.33333333300000	2.28571428600000	0
2.33333333300000	2.33333333300000	0
2.33333333300000	2.38095238100000	0
2.33333333300000	2.42857142900000	0
2.33333333300000	2.47619047600000	0
2.33333333300000	2.52380952400000	0
2.33333333300000	2.57142857100000	0
2.33333333300000	2.61904761900000	0
2.33333333300000	2.66666666700000	0
2.33333333300000	2.71428571400000	0
2.33333333300000	2.76190476200000	0
2.33333333300000	2.80952381000000	0
2.33333333300000	2.85714285700000	0
2.33333333300000	2.90476190500000	0
2.33333333300000	2.95238095200000	0
2.33333333300000	3	0
2.28571428600000	2	0
2.28571428600000	2.04761904800000	0
2.28571428600000	2.09523809500000	0
2.28571428600000	2.14285714300000	0
2.28571428600000	2.19047619000000	0
2.28571428600000	2.23809523800000	0
2.28571428600000	2.28571428600000	0
2.28571428600000	2.33333333300000	0
2.28571428600000	2.38095238100000	0
2.28571428600000	2.42857142900000	0
2.28571428600000	2.47619047600000	0
2.28571428600000	2.52380952400000	0
2.28571428600000	2.57142857100000	0
2.28571428600000	2.61904761900000	0
2.28571428600000	2.66666666700000	0
2.28571428600000	2.71428571400000	0
2.28571428600000	2.76190476200000	0
2.28571428600000	2.80952381000000	0
2.28571428600000	2.85714285700000	0
2.28571428600000	2.90476190500000	0
2.28571428600000	2.95238095200000	0
2.28571428600000	3	0
2.27272727300000	0	0
2.27272727300000	0.0909090910000000	0
2.27272727300000	0.181818182000000	0
2.27272727300000	0.272727273000000	0
2.27272727300000	0.363636364000000	0
2.27272727300000	0.454545455000000	0
2.27272727300000	0.545454545000000	0
2.27272727300000	0.636363636000000	0
2.27272727300000	0.727272727000000	0
2.27272727300000	0.818181818000000	0
2.27272727300000	0.909090909000000	0
2.27272727300000	1	0
2.23809523800000	2	0
2.23809523800000	2.04761904800000	0
2.23809523800000	2.09523809500000	0
2.23809523800000	2.14285714300000	0
2.23809523800000	2.19047619000000	0
2.23809523800000	2.23809523800000	0
2.23809523800000	2.28571428600000	0
2.23809523800000	2.33333333300000	0
2.23809523800000	2.38095238100000	0
2.23809523800000	2.42857142900000	0
2.23809523800000	2.47619047600000	0
2.23809523800000	2.52380952400000	0
2.23809523800000	2.57142857100000	0
2.23809523800000	2.61904761900000	0
2.23809523800000	2.66666666700000	0
2.23809523800000	2.71428571400000	0
2.23809523800000	2.76190476200000	0
2.23809523800000	2.80952381000000	0
2.23809523800000	2.85714285700000	0
2.23809523800000	2.90476190500000	0
2.23809523800000	2.95238095200000	0
2.23809523800000	3	0
2.19047619000000	2	0
2.19047619000000	2.04761904800000	0
2.19047619000000	2.09523809500000	0
2.19047619000000	2.14285714300000	0
2.19047619000000	2.19047619000000	0
2.19047619000000	2.23809523800000	0
2.19047619000000	2.28571428600000	0
2.19047619000000	2.33333333300000	0
2.19047619000000	2.38095238100000	0
2.19047619000000	2.42857142900000	0
2.19047619000000	2.47619047600000	0
2.19047619000000	2.52380952400000	0
2.19047619000000	2.57142857100000	0
2.19047619000000	2.61904761900000	0
2.19047619000000	2.66666666700000	0
2.19047619000000	2.71428571400000	0
2.19047619000000	2.76190476200000	0
2.19047619000000	2.80952381000000	0
2.19047619000000	2.85714285700000	0
2.19047619000000	2.90476190500000	0
2.19047619000000	2.95238095200000	0
2.19047619000000	3	0
2.18181818200000	0	0
2.18181818200000	0.0909090910000000	0
2.18181818200000	0.181818182000000	0
2.18181818200000	0.272727273000000	0
2.18181818200000	0.363636364000000	0
2.18181818200000	0.454545455000000	0
2.18181818200000	0.545454545000000	0
2.18181818200000	0.636363636000000	0
2.18181818200000	0.727272727000000	0
2.18181818200000	0.818181818000000	0
2.18181818200000	0.909090909000000	0
2.18181818200000	1	0
2.14285714300000	2	0
2.14285714300000	2.04761904800000	0
2.14285714300000	2.09523809500000	0
2.14285714300000	2.14285714300000	0
2.14285714300000	2.19047619000000	0
2.14285714300000	2.23809523800000	0
2.14285714300000	2.28571428600000	0
2.14285714300000	2.33333333300000	0
2.14285714300000	2.38095238100000	0
2.14285714300000	2.42857142900000	0
2.14285714300000	2.47619047600000	0
2.14285714300000	2.52380952400000	0
2.14285714300000	2.57142857100000	0
2.14285714300000	2.61904761900000	0
2.14285714300000	2.66666666700000	0
2.14285714300000	2.71428571400000	0
2.14285714300000	2.76190476200000	0
2.14285714300000	2.80952381000000	0
2.14285714300000	2.85714285700000	0
2.14285714300000	2.90476190500000	0
2.14285714300000	2.95238095200000	0
2.14285714300000	3	0
2.09523809500000	2	0
2.09523809500000	2.04761904800000	0
2.09523809500000	2.09523809500000	0
2.09523809500000	2.14285714300000	0
2.09523809500000	2.19047619000000	0
2.09523809500000	2.23809523800000	0
2.09523809500000	2.28571428600000	0
2.09523809500000	2.33333333300000	0
2.09523809500000	2.38095238100000	0
2.09523809500000	2.42857142900000	0
2.09523809500000	2.47619047600000	0
2.09523809500000	2.52380952400000	0
2.09523809500000	2.57142857100000	0
2.09523809500000	2.61904761900000	0
2.09523809500000	2.66666666700000	0
2.09523809500000	2.71428571400000	0
2.09523809500000	2.76190476200000	0
2.09523809500000	2.80952381000000	0
2.09523809500000	2.85714285700000	0
2.09523809500000	2.90476190500000	0
2.09523809500000	2.95238095200000	0
2.09523809500000	3	0
2.09090909100000	0	0
2.09090909100000	0.0909090910000000	0
2.09090909100000	0.181818182000000	0
2.09090909100000	0.272727273000000	0
2.09090909100000	0.363636364000000	0
2.09090909100000	0.454545455000000	0
2.09090909100000	0.545454545000000	0
2.09090909100000	0.636363636000000	0
2.09090909100000	0.727272727000000	0
2.09090909100000	0.818181818000000	0
2.09090909100000	0.909090909000000	0
2.09090909100000	1	0
2.04761904800000	2	0
2.04761904800000	2.04761904800000	0
2.04761904800000	2.09523809500000	0
2.04761904800000	2.14285714300000	0
2.04761904800000	2.19047619000000	0
2.04761904800000	2.23809523800000	0
2.04761904800000	2.28571428600000	0
2.04761904800000	2.33333333300000	0
2.04761904800000	2.38095238100000	0
2.04761904800000	2.42857142900000	0
2.04761904800000	2.47619047600000	0
2.04761904800000	2.52380952400000	0
2.04761904800000	2.57142857100000	0
2.04761904800000	2.61904761900000	0
2.04761904800000	2.66666666700000	0
2.04761904800000	2.71428571400000	0
2.04761904800000	2.76190476200000	0
2.04761904800000	2.80952381000000	0
2.04761904800000	2.85714285700000	0
2.04761904800000	2.90476190500000	0
2.04761904800000	2.95238095200000	0
2.04761904800000	3	0
2	0	0
2	0.0909090910000000	0
2	0.181818182000000	0
2	0.272727273000000	0
2	0.363636364000000	0
2	0.454545455000000	0
2	0.545454545000000	0
2	0.636363636000000	0
2	0.727272727000000	0
2	0.818181818000000	0
2	0.909090909000000	0
2	1	0
2	2	0
2	2.04761904800000	0
2	2.09523809500000	0
2	2.14285714300000	0
2	2.19047619000000	0
2	2.23809523800000	0
2	2.28571428600000	0
2	2.33333333300000	0
2	2.38095238100000	0
2	2.42857142900000	0
2	2.47619047600000	0
2	2.52380952400000	0
2	2.57142857100000	0
2	2.61904761900000	0
2	2.66666666700000	0
2	2.71428571400000	0
2	2.76190476200000	0
2	2.80952381000000	0
2	2.85714285700000	0
2	2.90476190500000	0
2	2.95238095200000	0
2	3	0
1	0	0
1	0.125000000000000	0
1	0.250000000000000	0
1	0.375000000000000	0
1	0.500000000000000	0
1	0.625000000000000	0
1	0.750000000000000	0
1	0.875000000000000	0
1	1	0
1	2	0
1	2.06250000000000	0
1	2.12500000000000	0
1	2.18750000000000	0
1	2.25000000000000	0
1	2.31250000000000	0
1	2.37500000000000	0
1	2.43750000000000	0
1	2.50000000000000	0
1	2.56250000000000	0
1	2.62500000000000	0
1	2.68750000000000	0
1	2.75000000000000	0
1	2.81250000000000	0
1	2.87500000000000	0
1	2.93750000000000	0
1	3	0
0.937500000000000	2	0
0.937500000000000	2.06250000000000	0
0.937500000000000	2.12500000000000	0
0.937500000000000	2.18750000000000	0
0.937500000000000	2.25000000000000	0
0.937500000000000	2.31250000000000	0
0.937500000000000	2.37500000000000	0
0.937500000000000	2.43750000000000	0
0.937500000000000	2.50000000000000	0
0.937500000000000	2.56250000000000	0
0.937500000000000	2.62500000000000	0
0.937500000000000	2.68750000000000	0
0.937500000000000	2.75000000000000	0
0.937500000000000	2.81250000000000	0
0.937500000000000	2.87500000000000	0
0.937500000000000	2.93750000000000	0
0.937500000000000	3	0
0.875000000000000	0	0
0.875000000000000	0.125000000000000	0
0.875000000000000	0.250000000000000	0
0.875000000000000	0.375000000000000	0
0.875000000000000	0.500000000000000	0
0.875000000000000	0.625000000000000	0
0.875000000000000	0.750000000000000	0
0.875000000000000	0.875000000000000	0
0.875000000000000	1	0
0.875000000000000	2	0
0.875000000000000	2.06250000000000	0
0.875000000000000	2.12500000000000	0
0.875000000000000	2.18750000000000	0
0.875000000000000	2.25000000000000	0
0.875000000000000	2.31250000000000	0
0.875000000000000	2.37500000000000	0
0.875000000000000	2.43750000000000	0
0.875000000000000	2.50000000000000	0
0.875000000000000	2.56250000000000	0
0.875000000000000	2.62500000000000	0
0.875000000000000	2.68750000000000	0
0.875000000000000	2.75000000000000	0
0.875000000000000	2.81250000000000	0
0.875000000000000	2.87500000000000	0
0.875000000000000	2.93750000000000	0
0.875000000000000	3	0
0.812500000000000	2	0
0.812500000000000	2.06250000000000	0
0.812500000000000	2.12500000000000	0
0.812500000000000	2.18750000000000	0
0.812500000000000	2.25000000000000	0
0.812500000000000	2.31250000000000	0
0.812500000000000	2.37500000000000	0
0.812500000000000	2.43750000000000	0
0.812500000000000	2.50000000000000	0
0.812500000000000	2.56250000000000	0
0.812500000000000	2.62500000000000	0
0.812500000000000	2.68750000000000	0
0.812500000000000	2.75000000000000	0
0.812500000000000	2.81250000000000	0
0.812500000000000	2.87500000000000	0
0.812500000000000	2.93750000000000	0
0.812500000000000	3	0
0.750000000000000	0	0
0.750000000000000	0.125000000000000	0
0.750000000000000	0.250000000000000	0
0.750000000000000	0.375000000000000	0
0.750000000000000	0.500000000000000	0
0.750000000000000	0.625000000000000	0
0.750000000000000	0.750000000000000	0
0.750000000000000	0.875000000000000	0
0.750000000000000	1	0
0.750000000000000	2	0
0.750000000000000	2.06250000000000	0
0.750000000000000	2.12500000000000	0
0.750000000000000	2.18750000000000	0
0.750000000000000	2.25000000000000	0
0.750000000000000	2.31250000000000	0
0.750000000000000	2.37500000000000	0
0.750000000000000	2.43750000000000	0
0.750000000000000	2.50000000000000	0
0.750000000000000	2.56250000000000	0
0.750000000000000	2.62500000000000	0
0.750000000000000	2.68750000000000	0
0.750000000000000	2.75000000000000	0
0.750000000000000	2.81250000000000	0
0.750000000000000	2.87500000000000	0
0.750000000000000	2.93750000000000	0
0.750000000000000	3	0
0.687500000000000	2	0
0.687500000000000	2.06250000000000	0
0.687500000000000	2.12500000000000	0
0.687500000000000	2.18750000000000	0
0.687500000000000	2.25000000000000	0
0.687500000000000	2.31250000000000	0
0.687500000000000	2.37500000000000	0
0.687500000000000	2.43750000000000	0
0.687500000000000	2.50000000000000	0
0.687500000000000	2.56250000000000	0
0.687500000000000	2.62500000000000	0
0.687500000000000	2.68750000000000	0
0.687500000000000	2.75000000000000	0
0.687500000000000	2.81250000000000	0
0.687500000000000	2.87500000000000	0
0.687500000000000	2.93750000000000	0
0.687500000000000	3	0
0.625000000000000	0	0
0.625000000000000	0.125000000000000	0
0.625000000000000	0.250000000000000	0
0.625000000000000	0.375000000000000	0
0.625000000000000	0.500000000000000	0
0.625000000000000	0.625000000000000	0
0.625000000000000	0.750000000000000	0
0.625000000000000	0.875000000000000	0
0.625000000000000	1	0
0.625000000000000	2	0
0.625000000000000	2.06250000000000	0
0.625000000000000	2.12500000000000	0
0.625000000000000	2.18750000000000	0
0.625000000000000	2.25000000000000	0
0.625000000000000	2.31250000000000	0
0.625000000000000	2.37500000000000	0
0.625000000000000	2.43750000000000	0
0.625000000000000	2.50000000000000	0
0.625000000000000	2.56250000000000	0
0.625000000000000	2.62500000000000	0
0.625000000000000	2.68750000000000	0
0.625000000000000	2.75000000000000	0
0.625000000000000	2.81250000000000	0
0.625000000000000	2.87500000000000	0
0.625000000000000	2.93750000000000	0
0.625000000000000	3	0
0.562500000000000	2	0
0.562500000000000	2.06250000000000	0
0.562500000000000	2.12500000000000	0
0.562500000000000	2.18750000000000	0
0.562500000000000	2.25000000000000	0
0.562500000000000	2.31250000000000	0
0.562500000000000	2.37500000000000	0
0.562500000000000	2.43750000000000	0
0.562500000000000	2.50000000000000	0
0.562500000000000	2.56250000000000	0
0.562500000000000	2.62500000000000	0
0.562500000000000	2.68750000000000	0
0.562500000000000	2.75000000000000	0
0.562500000000000	2.81250000000000	0
0.562500000000000	2.87500000000000	0
0.562500000000000	2.93750000000000	0
0.562500000000000	3	0
0.500000000000000	0	0
0.500000000000000	0.125000000000000	0
0.500000000000000	0.250000000000000	0
0.500000000000000	0.375000000000000	0
0.500000000000000	0.500000000000000	0
0.500000000000000	0.625000000000000	0
0.500000000000000	0.750000000000000	0
0.500000000000000	0.875000000000000	0
0.500000000000000	1	0
0.500000000000000	2	0
0.500000000000000	2.06250000000000	0
0.500000000000000	2.12500000000000	0
0.500000000000000	2.18750000000000	0
0.500000000000000	2.25000000000000	0
0.500000000000000	2.31250000000000	0
0.500000000000000	2.37500000000000	0
0.500000000000000	2.43750000000000	0
0.500000000000000	2.50000000000000	0
0.500000000000000	2.56250000000000	0
0.500000000000000	2.62500000000000	0
0.500000000000000	2.68750000000000	0
0.500000000000000	2.75000000000000	0
0.500000000000000	2.81250000000000	0
0.500000000000000	2.87500000000000	0
0.500000000000000	2.93750000000000	0
0.500000000000000	3	0
0.437500000000000	2	0
0.437500000000000	2.06250000000000	0
0.437500000000000	2.12500000000000	0
0.437500000000000	2.18750000000000	0
0.437500000000000	2.25000000000000	0
0.437500000000000	2.31250000000000	0
0.437500000000000	2.37500000000000	0
0.437500000000000	2.43750000000000	0
0.437500000000000	2.50000000000000	0
0.437500000000000	2.56250000000000	0
0.437500000000000	2.62500000000000	0
0.437500000000000	2.68750000000000	0
0.437500000000000	2.75000000000000	0
0.437500000000000	2.81250000000000	0
0.437500000000000	2.87500000000000	0
0.437500000000000	2.93750000000000	0
0.437500000000000	3	0
0.375000000000000	0	0
0.375000000000000	0.125000000000000	0
0.375000000000000	0.250000000000000	0
0.375000000000000	0.375000000000000	0
0.375000000000000	0.500000000000000	0
0.375000000000000	0.625000000000000	0
0.375000000000000	0.750000000000000	0
0.375000000000000	0.875000000000000	0
0.375000000000000	1	0
0.375000000000000	2	0
0.375000000000000	2.06250000000000	0
0.375000000000000	2.12500000000000	0
0.375000000000000	2.18750000000000	0
0.375000000000000	2.25000000000000	0
0.375000000000000	2.31250000000000	0
0.375000000000000	2.37500000000000	0
0.375000000000000	2.43750000000000	0
0.375000000000000	2.50000000000000	0
0.375000000000000	2.56250000000000	0
0.375000000000000	2.62500000000000	0
0.375000000000000	2.68750000000000	0
0.375000000000000	2.75000000000000	0
0.375000000000000	2.81250000000000	0
0.375000000000000	2.87500000000000	0
0.375000000000000	2.93750000000000	0
0.375000000000000	3	0
0.312500000000000	2	0
0.312500000000000	2.06250000000000	0
0.312500000000000	2.12500000000000	0
0.312500000000000	2.18750000000000	0
0.312500000000000	2.25000000000000	0
0.312500000000000	2.31250000000000	0
0.312500000000000	2.37500000000000	0
0.312500000000000	2.43750000000000	0
0.312500000000000	2.50000000000000	0
0.312500000000000	2.56250000000000	0
0.312500000000000	2.62500000000000	0
0.312500000000000	2.68750000000000	0
0.312500000000000	2.75000000000000	0
0.312500000000000	2.81250000000000	0
0.312500000000000	2.87500000000000	0
0.312500000000000	2.93750000000000	0
0.312500000000000	3	0
0.250000000000000	0	0
0.250000000000000	0.125000000000000	0
0.250000000000000	0.250000000000000	0
0.250000000000000	0.375000000000000	0
0.250000000000000	0.500000000000000	0
0.250000000000000	0.625000000000000	0
0.250000000000000	0.750000000000000	0
0.250000000000000	0.875000000000000	0
0.250000000000000	1	0
0.250000000000000	2	0
0.250000000000000	2.06250000000000	0
0.250000000000000	2.12500000000000	0
0.250000000000000	2.18750000000000	0
0.250000000000000	2.25000000000000	0
0.250000000000000	2.31250000000000	0
0.250000000000000	2.37500000000000	0
0.250000000000000	2.43750000000000	0
0.250000000000000	2.50000000000000	0
0.250000000000000	2.56250000000000	0
0.250000000000000	2.62500000000000	0
0.250000000000000	2.68750000000000	0
0.250000000000000	2.75000000000000	0
0.250000000000000	2.81250000000000	0
0.250000000000000	2.87500000000000	0
0.250000000000000	2.93750000000000	0
0.250000000000000	3	0
0.187500000000000	2	0
0.187500000000000	2.06250000000000	0
0.187500000000000	2.12500000000000	0
0.187500000000000	2.18750000000000	0
0.187500000000000	2.25000000000000	0
0.187500000000000	2.31250000000000	0
0.187500000000000	2.37500000000000	0
0.187500000000000	2.43750000000000	0
0.187500000000000	2.50000000000000	0
0.187500000000000	2.56250000000000	0
0.187500000000000	2.62500000000000	0
0.187500000000000	2.68750000000000	0
0.187500000000000	2.75000000000000	0
0.187500000000000	2.81250000000000	0
0.187500000000000	2.87500000000000	0
0.187500000000000	2.93750000000000	0
0.187500000000000	3	0
0.125000000000000	0	0
0.125000000000000	0.125000000000000	0
0.125000000000000	0.250000000000000	0
0.125000000000000	0.375000000000000	0
0.125000000000000	0.500000000000000	0
0.125000000000000	0.625000000000000	0
0.125000000000000	0.750000000000000	0
0.125000000000000	0.875000000000000	0
0.125000000000000	1	0
0.125000000000000	2	0
0.125000000000000	2.06250000000000	0
0.125000000000000	2.12500000000000	0
0.125000000000000	2.18750000000000	0
0.125000000000000	2.25000000000000	0
0.125000000000000	2.31250000000000	0
0.125000000000000	2.37500000000000	0
0.125000000000000	2.43750000000000	0
0.125000000000000	2.50000000000000	0
0.125000000000000	2.56250000000000	0
0.125000000000000	2.62500000000000	0
0.125000000000000	2.68750000000000	0
0.125000000000000	2.75000000000000	0
0.125000000000000	2.81250000000000	0
0.125000000000000	2.87500000000000	0
0.125000000000000	2.93750000000000	0
0.125000000000000	3	0
0.0625000000000000	2	0
0.0625000000000000	2.06250000000000	0
0.0625000000000000	2.12500000000000	0
0.0625000000000000	2.18750000000000	0
0.0625000000000000	2.25000000000000	0
0.0625000000000000	2.31250000000000	0
0.0625000000000000	2.37500000000000	0
0.0625000000000000	2.43750000000000	0
0.0625000000000000	2.50000000000000	0
0.0625000000000000	2.56250000000000	0
0.0625000000000000	2.62500000000000	0
0.0625000000000000	2.68750000000000	0
0.0625000000000000	2.75000000000000	0
0.0625000000000000	2.81250000000000	0
0.0625000000000000	2.87500000000000	0
0.0625000000000000	2.93750000000000	0
0.0625000000000000	3	0
0	0	0
0	0.125000000000000	0
0	0.250000000000000	0
0	0.375000000000000	0
0	0.500000000000000	0
0	0.625000000000000	0
0	0.750000000000000	0
0	0.875000000000000	0
0	1	0
0	2	0
0	2.06250000000000	0
0	2.12500000000000	0
0	2.18750000000000	0
0	2.25000000000000	0
0	2.31250000000000	0
0	2.37500000000000	0
0	2.43750000000000	0
0	2.50000000000000	0
0	2.56250000000000	0
0	2.62500000000000	0
0	2.68750000000000	0
0	2.75000000000000	0
0	2.81250000000000	0
0	2.87500000000000	0
0	2.93750000000000	0
0	3	0
