-4.90901142100000	3.52197522200000	1
-4.80059318500000	3.37906599700000	1
-4.76272641000000	-1.33707156900000	1
-4.69607317600000	1.08702970700000	1
-4.64365295800000	0.922436770000000	1
-4.62755073800000	-0.459062615000000	1
-4.57533563000000	-0.873851911000000	1
-3.34802772000000	-2.51410483700000	1
-3.25956841100000	-2.39339651900000	1
-3.55034774600000	-2.60700988400000	1
-3.06697645400000	-4.28793709100000	1
-2.17150737300000	1.88542385100000	1
-2.07698100700000	1.19865784400000	1
-1.38433273400000	-1.02645238600000	1
-1.17240345800000	4.14261581800000	1
-1.12965859200000	-1.22973817400000	1
-1.41417834600000	-1.27949005100000	1
-0.602630442000000	-0.285601993000000	1
-0.588453552000000	0.231976893000000	1
0.891084857000000	1.48150967400000	1
0.918036625000000	-1.39809189100000	1
0.972538483000000	-0.493833020000000	1
1.00259629300000	-3.55108714400000	1
0.811495697700000	-4.07458781300000	1
2.56843483000000	-1.47691575800000	1
3.45673295800000	-4.61570503100000	1
2.91652594900000	3.62018456000000	1
3.55410735300000	-4.51306939300000	1
3.17394387200000	3.30372771500000	1
3.21269895000000	3.31533177100000	1
3.45725064600000	-4.42522313900000	1
2.06169885500000	5.07009715700000	0
4.10202237100000	-2.24927826300000	1
4.25168092800000	1.45127002800000	1
4.29110265100000	0.974040048000000	1
-4.97557034900000	5.26921128200000	0
-4.94685062900000	4.47986764500000	0
-4.93835680700000	4.50306546500000	0
-4.93687751000000	5.25427728500000	0
-4.93156992600000	4.88808823000000	0
-4.91360642700000	5.75950243700000	0
-4.91315735000000	4.69491335000000	0
-4.91300656000000	4.48713798000000	0
-4.90682945400000	4.80729225400000	0
-4.89963311000000	4.89849719600000	0
-4.88862080300000	5.12853176400000	0
-4.86446506600000	4.73430501500000	0
-4.84115256700000	5.02663509100000	0
-4.83724478600000	5.77544744900000	0
-4.82447510100000	4.93399989400000	0
-4.82141065900000	4.99464091600000	0
-4.80350883900000	4.47850978200000	0
-4.79437770800000	4.32965254700000	0
-4.78826879100000	5.08393484600000	0
-4.77608793600000	4.86504089000000	0
-4.77423832100000	5.40559394500000	0
-4.75679415500000	4.63265164300000	0
-4.74450682100000	4.54646629800000	0
-4.74413769600000	5.61020319100000	0
-4.74311002800000	5.09130702900000	0
-4.73770291100000	4.71881742300000	0
-4.72978090400000	5.72345063000000	0
-4.72286315200000	4.56308654500000	0
-4.71338530800000	5.07218245900000	0
-4.71274420600000	5.46682608300000	0
-4.70120921700000	5.52172982200000	0
-4.69243306200000	5.23738468200000	0
-4.69136700500000	5.19613165600000	0
-4.68272208900000	5.35456672700000	0
-4.67986531300000	5.10908247500000	0
-4.67410951900000	4.56298124300000	0
-4.66520010300000	5.71600236700000	0
-4.66164566800000	4.96616220700000	0
-4.65985465800000	4.89652416800000	0
-4.64492943400000	4.80592056100000	0
-4.64491975300000	5.52863455100000	0
-4.63747362800000	4.58387792000000	0
-4.63703853100000	5.39276713300000	0
-4.63034065900000	4.97171411100000	0
-4.62032937900000	5.24887427000000	0
-4.61867235400000	4.86271158400000	0
-4.61423762100000	5.54421238600000	0
-4.59752179900000	5.35946380200000	0
-4.58149554400000	5.14139197900000	0
-4.57865386300000	5.70363760500000	0
-4.57246828800000	5.14795740500000	0
-4.56884144100000	4.92805163600000	0
-4.56215630300000	5.63152578700000	0
-4.55727841500000	4.94751811400000	0
-4.55289779900000	4.61585310900000	0
-4.53941417600000	4.44312711500000	0
-4.52963029700000	5.62415349400000	0
-4.52645227100000	4.95221942400000	0
-4.52604944800000	4.71622439500000	0
-4.52297624000000	4.93504584800000	0
-4.51485075100000	4.35943302200000	0
-4.47385525300000	4.81106211900000	0
-4.46859190200000	4.58377953100000	0
-4.46398153200000	4.75919611800000	0
-4.45988459000000	4.67873385500000	0
-4.45699856400000	4.94629988800000	0
-4.44176548400000	4.91199657500000	0
-4.44167532000000	4.41840454100000	0
-4.43293784500000	4.81894147900000	0
-4.43243576900000	4.99178835600000	0
-4.41311258100000	5.26669433700000	0
-4.40990560500000	4.72513588400000	0
-4.38924202000000	5.07211203600000	0
-4.38624076500000	4.22357615800000	0
-4.37868146200000	4.27246136900000	0
-4.37568829600000	4.38584206700000	0
-4.35357782800000	4.22768781900000	0
-4.35041665600000	4.23041875500000	0
-4.33610837400000	5.39787804100000	0
-4.33354375000000	4.27523713200000	0
-4.32532221100000	4.82529025900000	0
-4.32048547100000	4.79576923600000	0
-4.30539264100000	4.52540213100000	0
-4.29694275600000	5.28107981000000	0
-4.28121654800000	4.81986646100000	0
-4.27060397800000	4.71755016000000	0
-4.25882379500000	3.69626908000000	0
-4.25695790700000	4.56226973100000	0
-4.25649576800000	4.25850547400000	0
-4.21952009900000	5.38284142300000	0
-4.20604947000000	3.92472128300000	0
-4.19717998900000	4.79100254900000	0
-4.19665774300000	4.92442388100000	0
-4.18304809600000	4.25774937500000	0
-4.17916737700000	4.24182077600000	0
-4.16279113900000	4.38174669300000	0
-4.14224523400000	3.31732845300000	0
-4.13797046800000	5.00033906700000	0
-4.13719437800000	4.44856651200000	0
-4.13633030100000	4.54556243500000	0
-4.10991860600000	3.81887453800000	0
-4.10456444400000	3.29749239100000	0
-4.09690105400000	3.99372928600000	0
-4.09199494900000	4.83944659500000	0
-4.07814242600000	4.36146292300000	0
-4.05687196900000	4.61353278300000	0
-4.05133846700000	4.75629879100000	0
-4.02192178900000	3.71910915300000	0
-4.01259746400000	3.42034735500000	0
-3.98553462000000	3.77454840400000	0
-3.97113160700000	4.49169131800000	0
-3.96506742300000	3.64232120400000	0
-3.96399711700000	4.00022662200000	0
-3.96223651700000	2.88158526300000	0
-3.96103398200000	4.93432872800000	0
-3.95379502300000	4.42248823800000	0
-3.95268780900000	4.30290608000000	0
-3.94592202700000	3.20392525500000	0
-3.92756696300000	3.21322466300000	0
-3.91123020800000	3.28631584800000	0
-3.90751417700000	3.29736736200000	0
-3.90727087900000	2.86521405100000	0
-3.90495366200000	3.10068383100000	0
-3.90039511000000	3.65395711400000	0
-3.89850753600000	3.42460845100000	0
-3.87551622500000	3.96419000400000	0
-3.87074250700000	2.99767077700000	0
-3.86094981800000	3.21978450300000	0
-3.83877554400000	2.36960789600000	0
-3.83714153400000	2.38774716900000	0
-3.83515738900000	1.97318475400000	0
-3.83048811900000	3.28125894500000	0
-3.82941528200000	3.59962731300000	0
-3.82567475500000	2.75653308000000	0
-3.81802862000000	4.07494164700000	0
-3.81197479600000	2.82297870300000	0
-3.79066411900000	3.81447123800000	0
-3.79040728800000	3.19876381700000	0
-3.78564675800000	3.50596645000000	0
-3.78297037700000	2.73457301000000	0
-3.75912538300000	2.72075716200000	0
-3.74408613400000	2.43386492500000	0
-3.74364378900000	3.24753208000000	0
-3.72535161700000	3.41733601900000	0
-3.71963443000000	3.60618329700000	0
-3.70607344900000	3.23234192000000	0
-3.70577787300000	1.54210953000000	0
-3.69618457300000	2.63053468500000	0
-3.68209240700000	3.22181083200000	0
-3.65231174700000	1.84993717500000	0
-3.63838425600000	2.49550676100000	0
-3.62699667200000	2.58066799100000	0
-3.61815418100000	2.93815113600000	0
-3.61283692100000	2.60235643100000	0
-3.58241959500000	2.29331367900000	0
-3.57578687800000	2.09408862600000	0
-3.57169785100000	2.08815597700000	0
-3.57121702700000	1.94290843900000	0
-3.56511144200000	1.58603526000000	0
-3.55700201100000	2.26717730200000	0
-3.54888438000000	2.63992114300000	0
-3.52192326900000	1.79721375400000	0
-3.51278396800000	1.88128577800000	0
-3.50708345600000	1.41806585400000	0
-3.50542597000000	2.42606151900000	0
-3.49961550200000	2.01435476900000	0
-3.49935083000000	1.91028406800000	0
-3.49163655000000	1.50640952000000	0
-3.49003568300000	1.93394279900000	0
-3.48842604800000	0.773678697000000	0
-3.47133112800000	1.82999225200000	0
-3.42825564300000	1.79139250500000	0
-3.41807298600000	1.08917666800000	0
-3.41738232600000	2.02652867900000	0
-3.41694793400000	1.38005689400000	0
-3.41528734900000	1.53784948600000	0
-3.40644781700000	2.52133906100000	0
-3.40589498600000	1.93485787600000	0
-3.39452837800000	1.15239999900000	0
-3.39279239800000	1.36110273700000	0
-3.39083613800000	0.964444723000000	0
-3.38941268400000	0.289291003000000	0
-3.37318353100000	1.48039011600000	0
-3.37279643900000	1.43820818100000	0
-3.36186556800000	0.479731425000000	0
-3.36043836800000	0.413903747000000	0
-3.35425012500000	0.133108995000000	0
-3.35309279400000	1.17142522700000	0
-3.34775452300000	1.00430943900000	0
-3.34108940100000	0.448282573000000	0
-3.34031254800000	0.684003248000000	0
-3.33749081000000	1.66028853900000	0
-3.33743756200000	1.30438250000000	0
-3.32908988700000	0.731957765000000	0
-3.32808455200000	0.780925602000000	0
-3.32440388200000	0.815699593000000	0
-3.32273663700000	1.00686393800000	0
-3.31288225900000	0.778456461000000	0
-3.30646430800000	1.12378980300000	0
-3.30014399500000	1.38664009400000	0
-3.29968797000000	0.996677704000000	0
-3.29566326700000	0.486807355000000	0
-3.29387253200000	0.306934122000000	0
-3.28048360500000	0.528407813000000	0
-3.26463240000000	0.606438800000000	0
-3.25942816000000	1.21343211700000	0
-3.23286734800000	0.221905775000000	0
-3.22749387500000	0.146532567000000	0
-3.21951539700000	0.322016197000000	0
-3.19948747800000	-0.228359205000000	0
-3.19276305400000	-0.0919252950000000	0
-3.17644346000000	-0.226378055000000	0
-3.17601718900000	0.967033692000000	0
-3.16257966000000	0.121009650000000	0
-3.16231778100000	-0.102265882000000	0
-3.16132196500000	-0.0889448370000000	0
-3.14633480700000	0.546197469000000	0
-3.12671750800000	0.341371918000000	0
-3.12443869000000	-0.538291722000000	0
-3.11909328400000	-0.883617485000000	0
-3.10985167500000	0.217599596000000	0
-3.10072895400000	0.0940075210000000	0
-3.09573448300000	-0.106209980000000	0
-3.09418928600000	-0.215389472000000	0
-3.07454453300000	1.05498028500000	0
-3.07102575900000	-0.141555309000000	0
-3.06872817900000	-0.893881990000000	0
-3.05096819800000	-0.612948934000000	0
-3.05059411600000	0.186463262000000	0
-3.03515427000000	-0.702097688000000	0
-2.99466362900000	-0.817598167000000	0
-2.97542055100000	-1.19750593400000	0
-2.96640231500000	-0.995495241000000	0
-2.95809116000000	-0.977110484000000	0
-2.95760535200000	-1.40160254200000	0
-2.95582271200000	-1.62744760200000	0
-2.95065856500000	-0.923881646000000	0
-2.94407178900000	-0.949515873000000	0
-2.94379680400000	-1.27757490500000	0
-2.93082739700000	-0.599621876000000	0
-2.92139497100000	-1.88840164600000	0
-2.91470230300000	-2.45803051500000	0
-2.91272647900000	-0.676137161000000	0
-2.90989456700000	-1.03821172200000	0
-2.89048512200000	-1.56991382800000	0
-2.88906546300000	-1.05198210600000	0
-2.88081150300000	-2.18986459100000	0
-2.86650691400000	-1.37058144500000	0
-2.86634327600000	-2.18294220800000	0
-2.83940787000000	-1.91513394600000	0
-2.79830364500000	-1.06566665900000	0
-2.78630095800000	-1.18240485000000	0
-2.78424310300000	-1.40098475500000	0
-2.78313793000000	-1.32020791700000	0
-2.77226566800000	-2.40812941400000	0
-2.76433445300000	-2.36033902600000	0
-2.76340325600000	-2.18304229000000	0
-2.74833799100000	-1.69942367200000	0
-2.73002037300000	-2.89517943200000	0
-2.71833216800000	-2.86268111600000	0
-2.69300494600000	-2.49390901000000	0
-2.67999577600000	-1.72116255100000	0
-2.67795315500000	-1.95494347200000	0
-2.66722362000000	-2.52701070500000	0
-2.66243523000000	-2.96989566200000	0
-2.66158910500000	-3.14988630700000	0
-2.65227567200000	-2.74961297800000	0
-2.64052141900000	-2.80867441200000	0
-2.63987291100000	-1.61677673500000	0
-2.63170717300000	-2.93832570800000	0
-2.62729387300000	-2.92962094600000	0
-2.62670145400000	-2.61958104900000	0
-2.59058510400000	-2.33220872900000	0
-2.57673517600000	-2.75286175500000	0
-2.57628278300000	-2.66402957700000	0
-2.56968499900000	-3.67969251500000	0
-2.56827694100000	-3.01274834900000	0
-2.55216171300000	-2.74886962100000	0
-2.54289579300000	-2.05547590300000	0
-2.50831540900000	-3.49496184500000	0
-2.50122200900000	-2.54474427800000	0
-2.49822599800000	-2.45052526100000	0
-2.48045999300000	-3.26932546400000	0
-2.47548710800000	-2.63515779700000	0
-2.46853636800000	-3.96903922800000	0
-2.44863017700000	-2.77352471200000	0
-2.44446586800000	-2.66235763800000	0
-2.41592044200000	-3.55399282200000	0
-2.41070053300000	-3.99829408900000	0
-2.40461505500000	-3.07065584200000	0
-2.40071236900000	-4.00610145100000	0
-2.38174259700000	-3.37117426800000	0
-2.35932891500000	-3.51350059900000	0
-2.33320341000000	-4.30332919300000	0
-2.32923782900000	-3.79946699500000	0
-2.32556419000000	-4.06810026800000	0
-2.31135281700000	-4.32888521600000	0
-2.30893974200000	-4.14424123700000	0
-2.28558414600000	-4.31094328700000	0
-2.28519406600000	-4.39809268600000	0
-2.28059081100000	-3.35598154500000	0
-2.27827139700000	-3.44096805700000	0
-2.25697384200000	-3.53485830300000	0
-2.25467551000000	-4.55667549900000	0
-2.23714445300000	-3.79987220900000	0
-2.23379682300000	-4.16828979700000	0
-2.21702783600000	-3.58488924200000	0
-2.21687291500000	-4.00420598500000	0
-2.20897612900000	-4.15533145000000	0
-2.20037570900000	-3.84689427000000	0
-2.19997951500000	-4.31842436300000	0
-2.18337538400000	-3.87003150100000	0
-2.18203629800000	-4.31366295100000	0
-2.17412425400000	-4.21054309900000	0
-2.16705600700000	-4.45421136500000	0
-2.14919872600000	-4.86992194100000	0
-2.14572450100000	-3.82916064500000	0
-2.13658618300000	-4.34692110800000	0
-2.13625855000000	-3.66026163800000	0
-2.12779731000000	-5.17538876200000	0
-2.12376695400000	-3.70985174800000	0
-2.10272744500000	-5.45919379900000	0
-2.09754571100000	-4.65302859700000	0
-2.09370912100000	-3.42607044700000	0
-2.09016238100000	-3.15363051600000	0
-2.08495926600000	-4.85691046000000	0
-1.99700970000000	-4.54555137500000	0
-1.97747475200000	-4.76531212900000	0
-1.97718560500000	-4.69624654700000	0
-1.96515469300000	-4.52176150200000	0
-1.96055756400000	-4.38646539200000	0
-1.95595245600000	-4.44665315700000	0
-1.95367790100000	-5.11945437900000	0
-1.94870565800000	-4.87803085500000	0
-1.92788902000000	-5.39447008800000	0
-1.91202312700000	-4.94428223100000	0
-1.89292619200000	-4.72327383800000	0
-1.88263745700000	-4.20008207500000	0
-1.87506726200000	-4.85639591400000	0
-1.86340613100000	-5.16247348100000	0
-1.84957590400000	-4.89761330900000	0
-1.83845513500000	-5.82795782900000	0
-1.83659742100000	-4.67090919900000	0
-1.82767407300000	-4.66404013200000	0
-1.81590496600000	-4.66334467600000	0
-1.80043937900000	-4.79961945600000	0
-1.76777496500000	-4.50208588100000	0
-1.76707563000000	-5.50569152200000	0
-1.73420743600000	-5.33828961600000	0
-1.73000419300000	-4.86486067000000	0
-1.72349435300000	-5.30613735000000	0
-1.72254785200000	-5.27149773800000	0
-1.71662438200000	-4.54669630300000	0
-1.70710594400000	-5.27069692700000	0
-1.69933296700000	-4.93996838600000	0
-1.67924397900000	-5.17966897800000	0
-1.66569495300000	-4.99463089300000	0
-1.66016589400000	-4.96774344200000	0
-1.64216686300000	-5.59615865800000	0
-1.63565222400000	-4.74379461000000	0
-1.63542521200000	-4.11119978000000	0
-1.62760751600000	-4.82267524400000	0
-1.62606347600000	-5.41745613800000	0
-1.62533463700000	-4.88334659600000	0
-1.62142215800000	-5.07600188500000	0
-1.60758013600000	-4.93618073100000	0
-1.59219795600000	-4.24031788100000	0
-1.58741506500000	-5.53558442300000	0
-1.57721025600000	-5.44214175800000	0
-1.57281462800000	-5.85538532300000	0
-1.57115877800000	-4.74642336900000	0
-1.55800562800000	-5.41955152000000	0
-1.54648903500000	-4.50974151300000	0
-1.53373108900000	-5.46550814700000	0
-1.53230497600000	-4.42726301600000	0
-1.52934788300000	-5.41390916900000	0
-1.52904792500000	-5.02906560100000	0
-1.52560093200000	-4.74424017000000	0
-1.50845662500000	-5.07746779500000	0
-1.50428429900000	-4.72651418900000	0
-1.49066503400000	-4.17546481700000	0
-1.48071517500000	-4.95262954700000	0
-1.47443021600000	-4.16217011200000	0
-1.46174743100000	-4.46496694900000	0
-1.45933490200000	-4.84950222600000	0
-1.45743381900000	-4.91197916400000	0
-1.41917391400000	-5.32356542600000	0
-1.41304209100000	-5.23408852100000	0
-1.40549732800000	-4.43128063800000	0
-1.37646943800000	-4.75147305400000	0
-1.35306788400000	-5.32636542900000	0
-1.34699637800000	-5.07581663000000	0
-1.34230880100000	-4.68968069700000	0
-1.32981363200000	-5.05712577200000	0
-1.32585496900000	-3.76710725800000	0
-1.31302537900000	-4.40403237400000	0
-1.29333534700000	-4.65394150600000	0
-1.29097216500000	-5.25710162400000	0
-1.28595063900000	-5.62032683600000	0
-1.28496717900000	-3.86172017500000	0
-1.27838118700000	-5.54450812100000	0
-1.23399487200000	-4.58937767200000	0
-1.21363268500000	-4.33360909300000	0
-1.20403797600000	-4.35635047900000	0
-1.17748928300000	-4.88883149600000	0
-1.17557778000000	-4.52465196500000	0
-1.15509767100000	-5.07517670800000	0
-1.14359636800000	-4.10606106000000	0
-1.14271331800000	-5.04116570000000	0
-1.14118676900000	-4.62626859100000	0
-1.13948101400000	-4.64030950800000	0
-1.13632376800000	-4.73235007000000	0
-1.12103819100000	-4.70308046300000	0
-1.11069040100000	-5.02883179000000	0
-1.09772110400000	-4.11209473900000	0
-1.08689201300000	-4.62899049000000	0
-1.07928091200000	-3.99708835300000	0
-1.07710631800000	-4.63510042900000	0
-1.06817630800000	-4.27695199000000	0
-1.06751164700000	-3.85395355200000	0
-1.05390101700000	-4.26086355100000	0
-1.05184803300000	-4.68494720400000	0
-1.03465111000000	-4.96482984600000	0
-1.03390352600000	-3.73646077500000	0
-1.02992976100000	-3.21551839400000	0
-1.02962523200000	-4.53166136700000	0
-1.01030893600000	-4.79481202300000	0
-1.00146965400000	-3.83921766500000	0
-0.999292920000000	-4.43751788900000	0
-0.996195867000000	-3.67841592100000	0
-0.963081592000000	-4.89839302500000	0
-0.952618013000000	-3.80887609100000	0
-0.948389159000000	-4.62694204800000	0
-0.946299264000000	-4.23586864700000	0
-0.945024691000000	-2.96089529000000	0
-0.929792831000000	-4.34795171300000	0
-0.908471718000000	-3.83744323900000	0
-0.889057389000000	-3.69383517500000	0
-0.877151238000000	-4.10979382300000	0
-0.869874873000000	-3.50265450400000	0
-0.867916883000000	-3.70484857700000	0
-0.856541346000000	-4.14889882900000	0
-0.850543149000000	-3.87502560900000	0
-0.844330948000000	-4.32849763500000	0
-0.834595480000000	-3.90785420300000	0
-0.834197570000000	-3.87129114600000	0
-0.832714031000000	-3.30426673500000	0
-0.822690518000000	-4.46946357800000	0
-0.791402790000000	-3.41017107700000	0
-0.788050436000000	-3.48945816300000	0
-0.774388963000000	-3.48091274900000	0
-0.767681850000000	-3.39539096300000	0
-0.760481544000000	-3.15103104900000	0
-0.748910028000000	-3.61173153300000	0
-0.747594486000000	-4.26213217300000	0
-0.745466275000000	-3.22547116600000	0
-0.743238770000000	-3.48730584900000	0
-0.742237261000000	-3.25238530600000	0
-0.740637523000000	-3.00843374100000	0
-0.727489523000000	-3.15478644900000	0
-0.725079998000000	-2.87879369000000	0
-0.713011946000000	-2.56447672200000	0
-0.712799162000000	-2.40994150400000	0
-0.700286396000000	-3.45588263700000	0
-0.669939737000000	-3.31939214400000	0
-0.664386898000000	-3.30307424000000	0
-0.634889656000000	-2.84533164400000	0
-0.632595851000000	-2.83085427900000	0
-0.629023325000000	-3.21500337800000	0
-0.620313827000000	-2.90970372900000	0
-0.585347051000000	-2.02616590800000	0
-0.548708986000000	-2.91342640000000	0
-0.541369282000000	-2.68432916800000	0
-0.533353589000000	-2.01977554800000	0
-0.529016783000000	-2.49129126800000	0
-0.514617476000000	-2.64426436900000	0
-0.511450956000000	-2.42031944900000	0
-0.510379665000000	-1.95580440500000	0
-0.508232489000000	-1.61495459100000	0
-0.496024361000000	-3.01410846000000	0
-0.486143436000000	-2.16705749400000	0
-0.462040144000000	-2.20553682100000	0
-0.446676251000000	-1.85716101800000	0
-0.446609871000000	-2.13021495900000	0
-0.445015864000000	-1.90651337600000	0
-0.435243056000000	-2.13415436800000	0
-0.414983588000000	-1.21045980500000	0
-0.393057093000000	-1.38303383600000	0
-0.391473237000000	-1.65616899700000	0
-0.386874757000000	-2.37605686700000	0
-0.367814319000000	-0.953341589000000	0
-0.357674323000000	-1.61185056100000	0
-0.333940627000000	-2.44271505700000	0
-0.330559714000000	-1.69451322300000	0
-0.321141810000000	-1.87828729400000	0
-0.287691958000000	-1.10337283600000	0
-0.284698587000000	-1.24484457200000	0
-0.249144470000000	-2.09808652700000	0
-0.244006331000000	-1.33736321200000	0
-0.241476258000000	-1.68853540400000	0
-0.238408768000000	-2.24936495100000	0
-0.237723743000000	-2.16898892200000	0
-0.223273549000000	-0.509241035000000	0
-0.197850838000000	-1.41451122700000	0
-0.194360968000000	-1.50015637000000	0
-0.188733311000000	-0.842566264000000	0
-0.186511048000000	-0.982218853000000	0
-0.185372639000000	-1.81837982100000	0
-0.183423935000000	-1.18956943000000	0
-0.179785844000000	-0.385121485000000	0
-0.169269356000000	-0.775763212000000	0
-0.144509964000000	-0.153871953000000	0
-0.125765426000000	-0.747162031000000	0
-0.116321379000000	-0.810210919000000	0
-0.104229611000000	0.202144103000000	0
-0.101905325000000	-0.0706792980000000	0
-0.0803163760000000	-0.187432937000000	0
-0.0592243690000000	-0.894874393000000	0
-0.0462078770000000	0.0685901920000000	0
-0.0314162110000000	-0.331754567000000	0
0.0119798930000000	0.0525151300000000	0
0.0121445650000000	-0.101238512000000	0
0.0164883050000000	-0.350374966000000	0
0.0187653750000000	-0.304024680000000	0
0.105055759000000	1.71626443100000	0
0.118653227000000	1.04820512100000	0
0.123758931000000	1.17880802200000	0
0.143161539000000	0.604837374000000	0
0.175543090000000	1.59609282300000	0
0.181481421000000	0.820557543000000	0
0.182362010000000	0.0655721230000000	0
0.200649584000000	1.34675131700000	0
0.206110587000000	0.724116669000000	0
0.212009700000000	0.477896391000000	0
0.217344272000000	1.47982848000000	0
0.219044504000000	2.07356626300000	0
0.220293903000000	1.39646033800000	0
0.221606805000000	1.25103601100000	0
0.238421636000000	1.41494686200000	0
0.247924465000000	1.14184151100000	0
0.249778794000000	0.573183206000000	0
0.255839159000000	0.923111406000000	0
0.265177309000000	1.30997992700000	0
0.268302306000000	1.34533400600000	0
0.283713192000000	1.18637396600000	0
0.342279042000000	3.43845589300000	0
0.372213612000000	2.19380188600000	0
0.381686147000000	2.19516821600000	0
0.381855029000000	2.06318848900000	0
0.393247043000000	2.52788223600000	0
0.393292510000000	1.57616739000000	0
0.399295201000000	2.18988628300000	0
0.404692788000000	1.54285799500000	0
0.428486811000000	2.50367615300000	0
0.429555841000000	1.87318603700000	0
0.432584991000000	1.72594009400000	0
0.454911168000000	1.16874312300000	0
0.457244404000000	2.02422511400000	0
0.492049186000000	2.34510463700000	0
0.508166845000000	2.98444525900000	0
0.514610023000000	2.95909084300000	0
0.526066914000000	2.63206763300000	0
0.527998118000000	3.36147971000000	0
0.543595930000000	1.69556194300000	0
0.550568048000000	2.65483011900000	0
0.558666526000000	2.47919346600000	0
0.560738053000000	3.72463511700000	0
0.562503363000000	3.08324588400000	0
0.565496029000000	3.91683631000000	0
0.572685231000000	3.55224419300000	0
0.593974476000000	3.10942251700000	0
0.594782981000000	3.63468150600000	0
0.597677557000000	4.17550387200000	0
0.598267005000000	2.11588991000000	0
0.598625401000000	2.98978020600000	0
0.601080635000000	2.55894479500000	0
0.647661118000000	2.92289946500000	0
0.647719358000000	2.37781626400000	0
0.651278503000000	2.22457611900000	0
0.651746735000000	2.97638128000000	0
0.651995537000000	4.03830455000000	0
0.652213662000000	2.98528294300000	0
0.668628342000000	3.43391219800000	0
0.675330532000000	3.21450994100000	0
0.677318019000000	2.70827685800000	0
0.682462796000000	2.41969332400000	0
0.684181522000000	3.49803720100000	0
0.693561442000000	2.51032850400000	0
0.704954134000000	3.58019981500000	0
0.707431210000000	2.71206595800000	0
0.727811691000000	3.22310626100000	0
0.735689972000000	2.97821198400000	0
0.741084444000000	3.52977850600000	0
0.741886729000000	4.13927026400000	0
0.775304753000000	3.78044320600000	0
0.785850747000000	4.38034756900000	0
0.801103385000000	3.09333639300000	0
0.811734414000000	3.15758250400000	0
0.822980127000000	3.78823582600000	0
0.828591720000000	4.24017669100000	0
0.863747480000000	3.32394629400000	0
0.868824404000000	4.08944192000000	0
0.873921057000000	3.42683320800000	0
0.877642455000000	4.68558904300000	0
0.884665202000000	3.89225837700000	0
0.886266730000000	4.27265322800000	0
0.895527608000000	4.30577364700000	0
0.904047068000000	3.29855302900000	0
0.910617362000000	4.21023442600000	0
0.912417583000000	3.20489738200000	0
0.921839522000000	4.20351598100000	0
0.929823660000000	4.14424222900000	0
0.950299946000000	4.33258932600000	0
0.953879438000000	3.43775007000000	0
0.954367786000000	4.00765645000000	0
0.956342542000000	4.61255189300000	0
0.960206033000000	3.88961969600000	0
0.962609185000000	4.08259207200000	0
0.979112731000000	4.04072916400000	0
0.984044471000000	4.02116848100000	0
0.989886953000000	3.99494463500000	0
0.992543257000000	4.52525064400000	0
0.998640335000000	3.59907973000000	0
1.00080870100000	4.21966414700000	0
1.02286069200000	4.18487760200000	0
1.02346808400000	4.86054463300000	0
1.05043745600000	4.18328815800000	0
1.05339565300000	3.80252121900000	0
1.07173768800000	5.41837660800000	0
1.07894881200000	4.38165972600000	0
1.08349415500000	4.95914206400000	0
1.09393538200000	5.13184030100000	0
1.09603823900000	4.42438389900000	0
1.10029263700000	4.94727692400000	0
1.11074538700000	4.13889425400000	0
1.12212610700000	4.14044420600000	0
1.12702784100000	4.63245937800000	0
1.12870508300000	3.80085565000000	0
1.13152530700000	4.41539179700000	0
1.13569952100000	4.70220731800000	0
1.14329676400000	4.73823387800000	0
1.14379408800000	4.15139039200000	0
1.15043109700000	5.13690229200000	0
1.17810138500000	3.96548391900000	0
1.18181414000000	4.38676408500000	0
1.18378428500000	5.21881399200000	0
1.20678708200000	5.00194954200000	0
1.20997285700000	5.34279544300000	0
1.22084173400000	5.34344162800000	0
1.23875991900000	4.97557248200000	0
1.24502139900000	5.11356152700000	0
1.26453227800000	4.56250238800000	0
1.30043895900000	5.06150722100000	0
1.30870765500000	4.30972372900000	0
1.31582303900000	5.42667204500000	0
1.32707750400000	4.93502766400000	0
1.33098664700000	4.85558006600000	0
1.33302022700000	5.34858931500000	0
1.34196157800000	5.14982739700000	0
1.34517471100000	4.48600388500000	0
1.34579260800000	4.12199190700000	0
1.35159662700000	4.23288098100000	0
1.40412649600000	5.71472139400000	0
1.40594317100000	4.56651138800000	0
1.41386367400000	4.37883345500000	0
1.42667242300000	4.83200722700000	0
1.43219791800000	4.81642267200000	0
1.43571385200000	5.35202143600000	0
1.45659738000000	4.93270263800000	0
1.48257717000000	4.50804242400000	0
1.49324640600000	4.82196527500000	0
1.49866942800000	5.94461964200000	0
1.50607471600000	5.76070734300000	0
1.51132193900000	4.62966363000000	0
1.51238333700000	4.45560976600000	0
1.52546817700000	4.87568365100000	0
1.53281360600000	4.77329521400000	0
1.53583620400000	5.38817768900000	0
1.53599026100000	4.62672211200000	0
1.55702115000000	5.24220144100000	0
1.55990458300000	4.98518321400000	0
1.56301478900000	5.42213068700000	0
1.59174948000000	4.68727470000000	0
1.59208737300000	5.25098728600000	0
1.60386590300000	4.34968158200000	0
1.61074166000000	4.45609858800000	0
1.61879050800000	5.46930022300000	0
1.62034966800000	5.11619374400000	0
1.63920436800000	4.71903175400000	0
1.64708282300000	5.29012080700000	0
1.65446376900000	4.31722479500000	0
1.66944216000000	5.39919755800000	0
1.68370224800000	4.26932230300000	0
1.70209049500000	5.22070091300000	0
1.76189555100000	4.34588825000000	0
1.77796052500000	5.16557426800000	0
1.78574057800000	4.80380542000000	0
1.79627533500000	4.95424731700000	0
1.79784364300000	5.24456992300000	0
1.79987498300000	4.24434679900000	0
1.81175378800000	4.64947544600000	0
1.83374769300000	4.38445501100000	0
1.84869307600000	4.21379633400000	0
1.86584178800000	4.09762459100000	0
1.87384263400000	5.55635506700000	0
1.89875466300000	4.51577085400000	0
1.89915142000000	4.68441528600000	0
1.91166506600000	4.69824592600000	0
1.91911098500000	4.94515421000000	0
1.92719617400000	4.76116157100000	0
1.92756328000000	5.24571952000000	0
1.94171197500000	5.06912867700000	0
1.96751218100000	3.84956251600000	0
2.00116764300000	5.44453264900000	0
2.00231771000000	3.83241235500000	0
2.00533879500000	5.15756948300000	0
2.00611865600000	4.42814053700000	0
2.01612233600000	4.79978591700000	0
2.03593446900000	4.73211241500000	0
2.04209916500000	4.22477077400000	0
2.05135371500000	4.25489187500000	0
2.05244142600000	4.63250619800000	0
2.05292888500000	4.91906195000000	0
2.06216578600000	3.96466071900000	0
2.07250629100000	5.01801095300000	0
2.09369622900000	4.31055113200000	0
2.12211947900000	4.16927975900000	0
2.12243453400000	4.63638227000000	0
2.12616359100000	3.22834929700000	0
2.14487843200000	4.03616879100000	0
2.14793218800000	3.42157376500000	0
2.15488241500000	3.72958455700000	0
2.15600371100000	3.96924826500000	0
2.19511298500000	3.64198827600000	0
2.20639899100000	4.02606671900000	0
2.20781453400000	3.57675523000000	0
2.23499904900000	3.79781133400000	0
2.28469594600000	4.10821624000000	0
2.28471227900000	3.44619031700000	0
2.30407375100000	3.85805756400000	0
2.30504828500000	3.98630562800000	0
2.31822697700000	3.60119318500000	0
2.31909157200000	3.66695957300000	0
2.32060064600000	3.72615252200000	0
2.32153629000000	3.34034012900000	0
2.32209189100000	3.69475889600000	0
2.32642298100000	3.15967248300000	0
2.33334865900000	4.30303604500000	0
2.34148442500000	3.63559076700000	0
2.35557223400000	3.12888830100000	0
2.36399609400000	3.88161252800000	0
2.36486655200000	3.50086391700000	0
2.38675906800000	4.31818275300000	0
2.39358436800000	3.25213477400000	0
2.42797770100000	3.08146303100000	0
2.43281297900000	3.99520746400000	0
2.45711890000000	2.49464721000000	0
2.50419693100000	3.10870503900000	0
2.50708064800000	3.38483029300000	0
2.50786863300000	2.39222523600000	0
2.52907672700000	2.87687778700000	0
2.53808329300000	3.12222189300000	0
2.55496867700000	3.06553974400000	0
2.55548073900000	2.61752352700000	0
2.56593749600000	2.30174408400000	0
2.57425758300000	3.17644558300000	0
2.58569300200000	1.82307475700000	0
2.58722952800000	2.66237182300000	0
2.59388075700000	2.95831560400000	0
2.61842006400000	2.69734003300000	0
2.63003309000000	2.49081144300000	0
2.63393842400000	2.52645797300000	0
2.63598267200000	2.94135728900000	0
2.66372438300000	1.12972455200000	0
2.68590068900000	2.12197414300000	0
2.69454309000000	2.18743355800000	0
2.71170026600000	1.83530322000000	0
2.73034480200000	2.37957549800000	0
2.75199765100000	1.56850086200000	0
2.76480631900000	2.83081377600000	0
2.80086687500000	1.02680222600000	0
2.81680130200000	1.58212547900000	0
2.82426346800000	1.28271846900000	0
2.83380630200000	2.22008401300000	0
2.87533388200000	0.575496837000000	0
2.87635393900000	0.986239332000000	0
2.88855745700000	1.37161652500000	0
2.89848581200000	1.01428034800000	0
2.92371057400000	1.12816398400000	0
2.93025379800000	1.09234830000000	0
2.97560141200000	0.668881682000000	0
2.97664839500000	0.896818673000000	0
2.99229815100000	0.868231598000000	0
2.99508707600000	0.964913665000000	0
3.00019437400000	0.343214697000000	0
3.00532660900000	0.258095758000000	0
3.01024484400000	1.10641945200000	0
3.02548286700000	0.641957724000000	0
3.03115706700000	0.602561726000000	0
3.03168957400000	-0.643755824000000	0
3.03172713800000	0.793054712000000	0
3.05169116000000	0.187550150000000	0
3.08683659200000	0.400714804000000	0
3.09752197000000	0.567565426000000	0
3.11594087200000	0.418629059000000	0
3.11658871600000	0.942488999000000	0
3.12711239800000	0.232173290000000	0
3.12932064100000	0.271850391000000	0
3.13446933600000	0.652145385000000	0
3.15813968900000	-0.563113712000000	0
3.16182503500000	-1.14252044400000	0
3.18278378800000	-0.617192023000000	0
3.19615633200000	-1.09423049100000	0
3.20513032800000	-0.142797778000000	0
3.22172845200000	-0.507577008000000	0
3.22570632700000	0.0512335190000000	0
3.24030608900000	-0.741735348000000	0
3.24818287000000	-0.489112403000000	0
3.26914573100000	-0.750852517000000	0
3.27269703100000	-0.522712268000000	0
3.28158839800000	0.139247535000000	0
3.28822402700000	-1.05002257500000	0
3.29279584100000	-1.80864084700000	0
3.31860686400000	-0.718863225000000	0
3.32634573800000	-1.19862928100000	0
3.32718471800000	-0.786738676000000	0
3.33858427800000	-0.113882277000000	0
3.34510489400000	-0.837466784000000	0
3.34648064300000	-1.59275703600000	0
3.34666784400000	-1.79310866000000	0
3.35770896600000	-0.777698859000000	0
3.35814092800000	-1.79136664100000	0
3.36851791900000	-1.86540238900000	0
3.38124450300000	-0.645714560000000	0
3.38259141700000	-1.61870841700000	0
3.41698105200000	-0.517219064000000	0
3.41922944900000	-1.05845655600000	0
3.42075085500000	-1.25517407100000	0
3.42193195100000	-1.23688300100000	0
3.42959513400000	-0.863634867000000	0
3.45211548500000	-1.48696728800000	0
3.47533589000000	-2.20344028500000	0
3.48147201100000	-1.41873385700000	0
3.48769859900000	-2.36431793400000	0
3.50233692900000	-1.88809305300000	0
3.51452351300000	-1.75797334000000	0
3.51569437900000	-2.02863714400000	0
3.51611055000000	-2.78142219600000	0
3.51655317200000	-1.52976743600000	0
3.51781382500000	-2.03049238900000	0
3.52267773100000	-1.49937930400000	0
3.53449111300000	-1.90109011600000	0
3.56031735400000	-1.83337048300000	0
3.59435309700000	-3.20716523700000	0
3.61370805400000	-2.47470080000000	0
3.61940703100000	-3.01337432500000	0
3.62204553800000	-2.02399928600000	0
3.62409199600000	-2.97591698800000	0
3.64682027600000	-1.99033921500000	0
3.68918294800000	-2.56377897100000	0
3.69912541000000	-2.93280962100000	0
3.74684382200000	-2.71438767000000	0
3.75003250800000	-2.18852717000000	0
3.76467698500000	-2.51413075800000	0
3.77010010600000	-3.67309140900000	0
3.78191433400000	-3.34902283300000	0
3.78437323000000	-2.88177937600000	0
3.78910889400000	-2.41316862700000	0
3.79839720000000	-3.20074394700000	0
3.80319303400000	-2.66596080100000	0
3.80911327900000	-3.04067379600000	0
3.81509439300000	-3.28248975400000	0
3.82568453000000	-3.73294734500000	0
3.83760241300000	-3.33814735400000	0
3.85360285200000	-1.90456710600000	0
3.85456196500000	-3.82391860300000	0
3.86802420500000	-4.21426790100000	0
3.88224080000000	-4.11124595800000	0
3.88652929800000	-3.34848846600000	0
3.88909607200000	-3.88439986300000	0
3.90203530400000	-3.59290742500000	0
3.90472871700000	-3.51788466500000	0
3.93047352300000	-3.36233727300000	0
3.93612515900000	-2.87372543200000	0
3.94219016000000	-3.36868347200000	0
3.94267608400000	-4.27608557900000	0
3.98960864900000	-3.69561955400000	0
3.99457029800000	-4.24326371600000	0
4.00241498800000	-3.38748902900000	0
4.01346969900000	-3.35187349400000	0
4.02673188600000	-4.00482783800000	0
4.02930813800000	-3.07469378800000	0
4.03902519300000	-3.73121977300000	0
4.04243862300000	-3.64429562600000	0
4.05581113400000	-3.39053057100000	0
4.05633127800000	-4.31182722600000	0
4.06323780100000	-4.06650674600000	0
4.07446407500000	-3.37501258800000	0
4.08250933300000	-4.44229757800000	0
4.09374859000000	-3.88861164400000	0
4.10921382000000	-4.74446779300000	0
4.10944178000000	-4.13133020900000	0
4.12784977400000	-4.24903590900000	0
4.12885712700000	-4.82194123500000	0
4.13077860400000	-4.21839462400000	0
4.13595208900000	-3.83374671900000	0
4.15760595600000	-4.06802114800000	0
4.18014381100000	-3.12690650500000	0
4.18607908800000	-4.37539597400000	0
4.19399775300000	-4.87742951400000	0
4.21909056400000	-4.87974343500000	0
4.21919256400000	-4.07671325100000	0
4.22381513100000	-3.40572486100000	0
4.22670136000000	-3.81290624800000	0
4.22935864700000	-4.06893955000000	0
4.23493532000000	-4.21394569400000	0
4.25168535200000	-5.45957115800000	0
4.25736134600000	-4.94624764700000	0
4.26539506500000	-4.78779903900000	0
4.27454687200000	-4.90847454400000	0
4.27713146400000	-4.34856374600000	0
4.27985798600000	-4.46269267200000	0
4.28424866900000	-4.29300726300000	0
4.29349469500000	-4.27516660000000	0
4.30168620300000	-5.23048421400000	0
4.31952940500000	-4.55824516200000	0
4.32166783400000	-4.41186755400000	0
4.32295039800000	-4.62795815200000	0
4.33071546500000	-4.62999566300000	0
4.35441816200000	-4.13986805400000	0
4.35532106300000	-4.31366234800000	0
4.35695501000000	-4.85788495900000	0
4.36667370100000	-4.77251382600000	0
4.37768241400000	-5.03422116900000	0
4.38452846400000	-4.31651832600000	0
4.39473811800000	-4.43801798400000	0
4.39612462900000	-4.28195462500000	0
4.39780561700000	-4.45155189000000	0
4.40886822500000	-4.19751188900000	0
4.42393439100000	-4.69054547700000	0
4.43578335700000	-5.34686729600000	0
4.43619988600000	-4.36139714300000	0
4.43765743600000	-4.82893841200000	0
4.44505574200000	-4.53539278500000	0
4.45154815000000	-4.46183029100000	0
4.47157959200000	-5.05614467600000	0
4.47192271900000	-4.76891861300000	0
4.47814692300000	-5.05245951600000	0
4.48104168100000	-4.91327845700000	0
4.48803931500000	-4.52081099400000	0
4.51833728700000	-4.60695854600000	0
4.52023957900000	-5.67472876400000	0
4.52205633300000	-5.52778768200000	0
4.52255361000000	-3.83011232600000	0
4.52423136900000	-4.48698469300000	0
4.53027028400000	-4.78898289800000	0
4.54039388300000	-5.29445781500000	0
4.54119156100000	-5.80471271600000	0
4.55060241500000	-5.24455289900000	0
4.58250486100000	-4.90771140200000	0
4.60242614600000	-5.40218504000000	0
4.63454640700000	-3.88382096500000	0
4.63635430000000	-5.34314306100000	0
4.63724716300000	-5.35761750700000	0
4.64210546600000	-3.71888570500000	0
4.64679127600000	-4.68442723700000	0
4.65260097800000	-5.35492837800000	0
4.65843998800000	-4.98102319100000	0
4.66462269200000	-4.96174544300000	0
4.67096072600000	-5.17075262500000	0
4.69752006000000	-5.09908777100000	0
4.70236775000000	-5.11737492400000	0
4.71397673200000	-3.92227188300000	0
4.72509061900000	-4.85330190500000	0
4.72650633400000	-4.33397396300000	0
4.72948457100000	-4.11008712900000	0
4.73272361300000	-4.78094356200000	0
4.73408064600000	-5.70108656300000	0
4.74117935200000	-5.16061026700000	0
4.74875709500000	-4.37120698800000	0
4.75252750800000	-5.35047463900000	0
4.75988880500000	-5.86321635600000	0
4.76192478600000	-5.01499837900000	0
4.77409977500000	-4.94173456100000	0
4.78001853200000	-3.69042997400000	0
4.79225977600000	-4.70106073500000	0
4.82279488600000	-4.67270303100000	0
4.83875298900000	-4.94009839200000	0
4.84798502200000	-5.72941757000000	0
4.84818932400000	-4.62289703700000	0
4.84871178400000	-4.55004521500000	0
4.85016519900000	-5.63479120600000	0
4.85320359500000	-4.22175148400000	0
4.87228523900000	-5.19212545000000	0
4.88364824600000	-5.22446036600000	0
4.90257338200000	-5.41172124300000	0
4.91071255600000	-5.00937486900000	0
4.91847920000000	-4.74651745000000	0
4.92834009500000	-4.98240301500000	0
4.92956299800000	-4.77707747700000	0
4.93007727900000	-5.17739862600000	0
4.95005257900000	-4.62076421100000	0
4.95293158300000	-4.67500022800000	0
4.95506775300000	-5.43729608800000	0
4.95704740500000	-4.82210105900000	0
4.96100816600000	-4.32729783200000	0
4.96966525400000	-5.14277606600000	0
4.97611393000000	-5.19651705700000	0
4.98205880900000	-4.59648776800000	0
1.65720000000000	5.61870000000000	0
