-3.69535288400000	-2.56971468000000	1
-3.00577207100000	-3.92003867800000	1
-3.60176739800000	-2.70127825300000	1
-3.32823869200000	1.75512903900000	1
-3.29813758300000	-0.230758425000000	1
-3.22501615400000	0.0824726020000000	1
-3.20164837900000	2.15878498700000	0
-3.19839414600000	-3.65330633700000	1
-3.14584483600000	1.98690624500000	0
-3.14052606900000	2.63084094500000	0
-3.12458796300000	-0.605942781000000	0
-3.12098932700000	-1.35545034800000	0
-3.11852131500000	2.39741369500000	0
-3.10871138300000	2.57679202900000	0
-3.10031780600000	1.47054034300000	0
-3.09163435300000	-1.10803419800000	0
-3.08947050500000	2.27145226700000	0
-3.08694846400000	1.75839501200000	0
-3.07944239100000	1.15817885100000	0
-3.07072498800000	-1.67465971600000	0
-3.07012755700000	0.668891413000000	0
-3.06074801200000	-2.68250544100000	0
-3.05723444500000	-2.65224737300000	0
-3.05476317100000	-2.47066243800000	0
-3.05461588400000	2.00334845000000	0
-3.05458633600000	0.879710049000000	0
-3.05456527300000	-1.89517116700000	0
-3.05217935200000	-0.387479793000000	0
-3.05164749800000	2.39964206800000	0
-3.05062129300000	-0.582286608000000	0
-3.05045134000000	-0.710379921000000	0
-3.04986680900000	-0.615134859000000	0
-3.04731989300000	-0.827019345000000	0
-3.04726785800000	2.32091558600000	0
-3.04686154700000	2.21013355200000	0
-3.04602950000000	0.664532452000000	0
-3.04454267300000	-0.306252685000000	0
-3.04368045500000	-0.0603610060000000	0
-3.04302505900000	-0.0480792130000000	0
-3.04227639200000	0.152727754000000	0
-3.03871844300000	1.92398101200000	0
-3.03678280500000	-1.04648439000000	0
-3.03509469900000	0.482613633000000	0
-3.03414220900000	-2.81951135600000	0
-3.03273991700000	0.467817001000000	0
-3.03260016000000	-1.39421163400000	0
-3.03097458600000	1.02259496000000	0
-3.03030988000000	-2.02102467900000	0
-3.02913090600000	0.770330717000000	0
-3.02704165400000	-1.31245500300000	0
-3.02537018800000	-2.82434864000000	0
-3.02527415200000	1.65431372200000	0
-3.02520459400000	1.48343510000000	0
-3.02515058100000	-1.75098798500000	0
-3.02477867800000	1.56673313000000	0
-3.02412004400000	-1.86876730800000	0
-3.02338401800000	0.913738045000000	0
-3.02207376700000	1.25797660700000	0
-3.02203266700000	-0.894139690000000	0
-3.02179601500000	-1.81001729000000	0
-3.02150850600000	1.71160277400000	0
-3.02130328200000	-0.279702625000000	0
-3.02103594200000	1.18261080300000	0
-3.02091174900000	-1.64158706100000	0
-3.02021578200000	2.80734346300000	0
-3.01990562000000	2.76708703900000	0
-3.01890216600000	-2.33709159100000	0
-3.01876349200000	1.18091989200000	0
-3.01851737400000	-0.735468993000000	0
-3.01823245300000	0.603481889000000	0
-3.01737954200000	-1.08457719600000	0
-3.01430213000000	0.237505747000000	0
-3.01427571600000	-1.27616737900000	0
-3.01403294000000	0.0152017590000000	0
-3.01378729700000	2.97152702100000	0
-3.01122916800000	-1.63974157300000	0
-3.01071567600000	-2.85335427500000	0
-3.00977908800000	-1.72385148000000	0
-3.00857046300000	-2.98666943100000	0
-3.00810134000000	0.192343078000000	0
-3.00782292300000	-1.50328814200000	0
-3.00710637200000	-2.74449162700000	0
-3.00658155700000	0.424896138000000	0
-3.00571806200000	-1.45123253300000	0
-3.00538679300000	2.55005850300000	0
-3.00495805300000	1.65726427500000	0
-3.00334151400000	2.20705618100000	0
-2.99932955900000	-0.239623780000000	0
-2.99917890300000	2.83146723800000	0
-2.99774095100000	1.52635808600000	0
-2.99540244000000	2.74679790400000	0
-2.99489419000000	-2.48960826100000	0
-2.99447731000000	1.86453266100000	0
-2.99301667500000	-0.0954773720000000	0
-2.99164806200000	2.15670689900000	0
-2.99160136900000	-0.230748528000000	0
-2.99095856400000	-2.74068668500000	0
-2.98866873800000	2.29051465500000	0
-2.98747833600000	-2.95112630200000	0
-2.98739705000000	2.06095704100000	0
-2.98652044100000	-1.30565278100000	0
-2.98595575000000	1.61648203700000	0
-2.98502671800000	-1.45252688300000	0
-2.98312821600000	-1.77900628200000	0
-2.98283510500000	2.72697475800000	0
-2.98099100600000	-2.28120360200000	0
-2.98092661900000	1.40377304600000	0
-2.98087883200000	2.38391655800000	0
-2.98050160800000	0.247631180000000	0
-2.97896342700000	2.90278123200000	0
-2.97833542400000	-1.59801339600000	0
-2.97822466700000	-0.694574991000000	0
-2.97726265800000	0.603106261000000	0
-2.97562641100000	-0.693677392000000	0
-2.97500450700000	2.77006355200000	0
-2.97459949200000	-0.205042014000000	0
-2.97402981600000	0.790845122000000	0
-2.97385046300000	-0.551416640000000	0
-2.97372104600000	-1.86914299800000	0
-2.97327689300000	0.427436162000000	0
-2.97129298000000	-1.03856869100000	0
-2.97100294300000	2.93316752100000	0
-2.97073257300000	1.39053052600000	0
-2.97014017900000	2.25098523100000	0
-2.96926914400000	2.18807459200000	0
-2.96882786300000	0.503070559000000	0
-2.96879784800000	-2.58245311700000	0
-2.96742827200000	0.510445758000000	0
-2.96737434900000	-2.05351792700000	0
-2.96646443800000	1.63883193600000	0
-2.96610117400000	2.96471258200000	0
-2.96548099600000	1.93124432600000	0
-2.96208727400000	0.548629337000000	0
-2.96152205600000	-1.83482587100000	0
-2.95893539300000	0.608774530000000	0
-2.95867838400000	1.20938032600000	0
-2.95594144600000	-0.982799870000000	0
-2.95542186800000	-0.236590341000000	0
-2.95512810200000	0.973824042000000	0
-2.94806263900000	-0.325265053000000	0
-2.94778389700000	-1.31712780700000	0
-2.94614732900000	-1.33097961700000	0
-2.94555717000000	-0.157402773000000	0
-2.94476900200000	-1.95628468800000	0
-2.94304420900000	0.242745171000000	0
-2.94257767100000	-2.72019363800000	0
-2.93885691200000	2.63227371800000	0
-2.93643823500000	-0.967254736000000	0
-2.93390355500000	-2.80118355800000	0
-2.93260606500000	1.06215674500000	0
-2.93087092400000	3.01277171300000	0
-2.92994459800000	-1.15206299400000	0
-2.92917639200000	1.57715352300000	0
-2.92003467800000	-1.20638888700000	0
-2.91839894300000	-1.82553262000000	0
-2.90831423500000	-3.06472328000000	0
-2.90622837400000	1.83019331300000	0
-2.90268463500000	-1.22392338000000	0
-2.90194758100000	-1.32621464200000	0
-2.89311709900000	-0.687591034000000	0
-2.88864278000000	-0.128075594000000	0
-2.88539991300000	-2.25520432600000	0
-2.83543576900000	-3.00305973500000	0
-2.83400008800000	1.65856460700000	0
-2.81803092900000	2.98847523400000	0
-2.76352570800000	-3.02517829500000	0
-2.71744244700000	-2.96866136000000	0
-2.71280270700000	3.05593833800000	0
-2.70623451200000	2.87766189600000	0
-2.68882374700000	2.96658346800000	0
-2.67330425800000	-3.03122194200000	0
-2.64512725900000	-3.62419094500000	1
-2.64444166500000	2.91436158700000	0
-2.64134316800000	2.99124291200000	0
-2.61548803300000	2.89548761300000	0
-2.61480558800000	2.94727323200000	0
-2.59119653300000	3.02549221300000	0
-2.58844015100000	-2.88945916300000	0
-2.58116216700000	2.97739809400000	0
-2.55917924600000	3.05640287500000	0
-2.52994252700000	2.19654632700000	1
-2.51299607300000	-3.09482114900000	0
-2.50256269900000	-3.02442585300000	0
-2.47719967900000	-2.94943701800000	0
-2.47691942800000	2.53255652100000	1
-2.46119474300000	3.01964516800000	0
-2.42671478600000	3.09644285700000	0
-2.42163001000000	-2.98778313800000	0
-2.39288480200000	-3.05575194500000	0
-2.38902851700000	-3.02001291800000	0
-2.33587990100000	3.99769040600000	1
-2.32411670100000	-2.95691453600000	0
-2.27586673800000	-3.08169435500000	0
-2.27556306100000	2.96393880500000	0
-2.26124135900000	-2.95766032200000	0
-2.24972643600000	-2.89491613900000	0
-2.24208007900000	-2.97483082800000	0
-2.23628299500000	-2.95718733000000	0
-2.23102847300000	1.69569456200000	1
-2.46831907400000	0.739062017000000	1
-2.14212321600000	2.96285300900000	0
-2.10546523100000	-1.08564398500000	0
-2.09859042600000	-2.99653078300000	0
-2.09794797300000	0.0716772810000000	0
-2.09612478800000	0.677268628000000	0
-2.09545305500000	-1.36842383500000	0
-2.08844448500000	0.890069490000000	0
-2.07160734000000	1.51066853600000	0
-2.06985280900000	-2.95864517400000	0
-2.06907765400000	-1.14066167500000	0
-2.06391304200000	-0.698042286000000	0
-2.06286473300000	-2.99095809000000	0
-2.06111715800000	1.39941796100000	0
-2.06051171900000	1.36211505400000	0
-2.06002636400000	-0.122155238000000	0
-2.05803286200000	-1.35687362100000	0
-2.05597580500000	-0.598346525000000	0
-2.05244076500000	1.12152468600000	0
-2.05062581300000	1.74793847300000	0
-2.04991321700000	-0.157615167000000	0
-2.04552125800000	-1.21662854900000	0
-2.04474570600000	1.81333190900000	0
-2.04426718400000	0.337353402000000	0
-2.04054254100000	1.92438923800000	0
-2.03898998800000	1.91486947300000	0
-2.03797096100000	0.852667459000000	0
-2.03673250900000	-1.51963419700000	0
-2.03405270600000	-0.658179037000000	0
-2.02998043400000	1.95903087200000	0
-2.02901314700000	-0.211173553000000	0
-2.02767412300000	1.68834330800000	0
-2.02624892100000	1.96101402100000	0
-2.02556598900000	0.618196688000000	0
-2.02506740600000	-1.69955799800000	0
-2.02490396400000	-1.62137098500000	0
-2.02424013400000	-1.47392163200000	0
-2.02222531800000	3.01393386300000	0
-2.02032069400000	3.06322427600000	0
-2.01878519100000	-3.00779891700000	0
-2.01524442900000	-0.00254207800000000	0
-2.01514582000000	-0.538324947000000	0
-2.01329126600000	-1.32486117400000	0
-2.01312256900000	-1.58438203700000	0
-2.01128571500000	0.528264428000000	0
-2.01098785800000	-1.75777852400000	0
-2.01037823000000	2.95763029600000	0
-2.00852393900000	-0.896256120000000	0
-2.00848911600000	1.83189732100000	0
-2.00838961500000	1.10999407200000	0
-2.00205465200000	-1.60369502500000	0
-2.00148078800000	3.05962254200000	0
-1.99823165900000	1.72055912900000	0
-1.99771491500000	1.00737023700000	0
-1.99655453400000	-0.121471758000000	0
-1.99578652500000	-1.67531372300000	0
-1.99486051400000	0.331850434000000	0
-1.99409279400000	0.722008593000000	0
-1.99310906300000	1.26520044800000	0
-1.99280508900000	-1.69737856600000	0
-1.99278254000000	-1.39306789900000	0
-1.99251416400000	-1.06213345400000	0
-1.99211057300000	-0.0564617840000000	0
-1.99098465500000	-1.41802918200000	0
-1.98915524100000	0.881560858000000	0
-1.98807552000000	-0.548371227000000	0
-1.98782756700000	0.524319340000000	0
-1.98516621100000	-0.416750297000000	0
-1.98482569800000	-1.48366936400000	0
-1.98438543300000	0.385659126000000	0
-1.98363517900000	-2.90304228500000	0
-1.98278924200000	0.0274766770000000	0
-1.98146283500000	0.355483280000000	0
-1.97987898800000	2.96990478300000	0
-1.97805551500000	1.25310277600000	0
-1.97462092100000	-1.53857478000000	0
-1.97336045000000	1.52180755000000	0
-1.97335674500000	1.15911491300000	0
-1.97220234500000	-0.745301016000000	0
-1.96980867500000	-0.738462716000000	0
-1.96833947100000	-0.615360559000000	0
-1.96689756200000	-0.350692613000000	0
-1.96647539100000	-0.927471493000000	0
-1.96546951900000	-3.01711960100000	0
-1.96498632900000	-2.96824846400000	0
-1.96192781900000	1.40402411800000	0
-1.96110748000000	-1.32377987400000	0
-1.95989546800000	1.80563760000000	0
-1.95929451500000	-1.21473802800000	0
-1.95868743900000	-0.451332986000000	0
-1.95532946900000	-0.00426421000000000	0
-1.95390115500000	-1.24264751300000	0
-1.95274367000000	-0.414213836000000	0
-1.94903780500000	1.48427012300000	0
-1.94616800200000	-1.34178482400000	0
-1.94205620400000	-1.27045225500000	0
-1.93919823700000	0.0524832080000000	0
-1.93636675600000	-1.95581539100000	0
-1.93509743500000	1.03581491900000	0
-1.93411397600000	2.98961852000000	0
-1.93276474300000	-1.83989519400000	0
-1.93252435800000	0.300473564000000	0
-1.93173614600000	0.530773658000000	0
-1.93123849500000	-1.86878493800000	0
-1.93118637100000	-0.358399565000000	0
-1.93099987300000	-1.98504477200000	0
-1.92677631800000	0.915793398000000	0
-1.92667863300000	0.535080117000000	0
-1.92543854800000	3.03107686200000	0
-1.92352973900000	1.97298805200000	0
-1.92338674800000	1.91637586700000	0
-1.92313112600000	-1.66485549300000	0
-1.91961454000000	1.65040464000000	0
-1.91864487500000	-1.88275757600000	0
-1.91827299900000	1.98501823200000	0
-1.91755952500000	2.99355671400000	0
-1.91343882800000	1.23493234300000	0
-1.91211702000000	1.99144745800000	0
-1.90483085800000	0.601648286000000	0
-1.89999891700000	2.90796265400000	0
-1.89453465400000	1.98874556400000	0
-1.89200582000000	-1.37055283800000	0
-1.89031575100000	-1.16257200100000	0
-1.88583145300000	0.558378063000000	0
-1.86191087700000	3.01572354000000	0
-1.85408586200000	2.04645033700000	0
-1.85314028800000	2.99367906600000	0
-1.84917813100000	1.95710771800000	0
-1.83239969900000	1.90635407100000	0
-1.82265121900000	1.97624484800000	0
-1.81862615000000	1.93057780000000	0
-1.81456055900000	2.97330794800000	0
-1.80356491200000	-1.96944553100000	0
-1.79238246100000	1.93539229800000	0
-1.79052841500000	2.92454930100000	0
-1.77630792100000	-1.98203332900000	0
-1.76004357700000	-3.04359792300000	0
-1.75276326900000	3.03425570400000	0
-1.74770826500000	-2.97373035700000	0
-1.73993601300000	-2.05125861100000	0
-1.73843196400000	1.95031719700000	0
-1.71184472100000	1.99171366600000	0
-1.71114802700000	-2.93281658100000	0
-1.70782028500000	2.06950585000000	0
-1.69435614200000	-2.04851175500000	0
-1.69174999800000	-1.98614228500000	0
-1.66899289200000	-2.05210123500000	0
-1.66522342400000	2.06341291800000	0
-1.66278533700000	2.04763905800000	0
-1.65119582100000	1.94695035900000	0
-1.63952366000000	2.00854840700000	0
-1.63839821100000	-2.01902656500000	0
-1.62555649500000	1.74904196000000	1
-1.61788656200000	-2.96993528300000	0
-1.61713258200000	1.18419734400000	1
-1.60832181600000	3.03249475900000	0
-1.59763392000000	1.96036781600000	0
-1.58008459500000	3.06654046000000	0
-1.57137164900000	2.05489997300000	0
-1.56420141800000	-3.05517446000000	0
-1.55353907800000	-3.06777767400000	0
-1.54838247200000	-2.02484954000000	0
-1.53837065400000	-2.99688863200000	0
-1.52672761800000	-2.99916406700000	0
-1.51807061600000	-0.205155224000000	1
-1.51717948700000	-1.98895279700000	0
-1.49203138500000	-2.96594866400000	0
-1.47788335700000	-2.00122040900000	0
-1.47551146800000	-2.06289902500000	0
-1.47432885100000	-1.97910321200000	0
-1.46881518100000	-2.96931063200000	0
-1.46834825200000	-2.00263973900000	0
-1.46628783900000	-3.01074243900000	0
-1.46052452900000	-1.92162459900000	0
-1.45928508600000	-2.99269895100000	0
-1.45252088600000	2.95822568800000	0
-1.44052524200000	-2.98519412000000	0
-1.43925765400000	3.07989484500000	0
-1.43568911300000	2.94628074500000	0
-1.42774099300000	-2.00834019100000	0
-1.40995352900000	3.00562752000000	0
-1.37128675600000	-2.97768824700000	0
-1.37128080200000	3.06592847500000	0
-1.36417067500000	2.93276706900000	0
-1.32735017000000	2.99866335800000	0
-1.31987946300000	1.91346988600000	0
-1.29971197100000	-2.97532141100000	0
-1.29893811400000	-3.01731052700000	0
-1.29884186600000	2.98762136600000	0
-1.29789451700000	-0.686915228000000	1
-1.29381675200000	2.96351300600000	0
-1.29167865700000	3.02456505100000	0
-1.29013116600000	-2.98704700000000	0
-1.25961573000000	1.98381169700000	0
-1.25548068500000	2.01600867300000	0
-1.25268073900000	2.96442113300000	0
-1.24690618600000	-2.03560832900000	0
-1.24045618200000	3.03496584900000	0
-1.23049719100000	-1.91840362500000	0
-1.22329310000000	-2.09973020500000	0
-1.22256437600000	-3.03116062700000	0
-1.18948970900000	2.99942361600000	0
-1.17652222500000	-3.07050968900000	0
-1.17173676800000	0.264984598000000	0
-1.14497615700000	2.94554128300000	0
-1.14415895600000	-2.99154991700000	0
-2.03790153200000	-2.51894236700000	1
-1.13504104600000	1.89202236000000	0
-1.12335547600000	-2.99799887300000	0
-1.12220212600000	-2.03561839700000	0
-1.12071257100000	-2.04048199400000	0
-1.11520895500000	-2.06588373800000	0
-1.10869073000000	-0.528120821000000	0
-1.10594718100000	-0.834679975000000	0
-1.10198316900000	-2.01476729900000	0
-1.09936804100000	3.05662267900000	0
-1.09519069200000	-1.90092638000000	0
-1.09093587500000	0.561776375000000	0
-1.08703113500000	0.487527516000000	0
-1.08424377300000	1.92077030500000	0
-1.08410188000000	-3.03322844800000	0
-1.08373641000000	-3.00570534600000	0
-1.08065695500000	-0.849888139000000	0
-1.07849137200000	-0.381052186000000	0
-1.07704860400000	2.07425775400000	0
-1.07587649500000	-2.03122511700000	0
-1.07062114300000	1.96223522800000	0
-1.07053161700000	0.673518998000000	0
-1.06960533300000	-3.02545348500000	0
-1.06735541800000	0.658720362000000	0
-1.06575233200000	-2.97254012900000	0
-1.06303168600000	-0.138693703000000	0
-1.06122880000000	-0.906693839000000	0
-1.05712601900000	-1.93465461100000	0
-1.05685964400000	-0.649469861000000	0
-1.05615971100000	-1.94826435500000	0
-1.05352551400000	0.334053476000000	0
-1.05197915900000	0.0573159340000000	0
-1.04780130400000	-2.04819505900000	0
-1.04777120800000	-0.114655173000000	0
-1.03539531900000	3.06947088300000	0
-1.02930861700000	0.320807487000000	0
-1.02595261100000	-0.0226028170000000	0
-1.02589484200000	-0.0937913870000000	0
-1.02574586900000	-0.684142233000000	0
-1.01604356800000	0.477387601000000	0
-1.01500279700000	0.158539130000000	0
-1.00937401900000	0.454162966000000	0
-1.00650435900000	3.00293065500000	0
-1.00468345000000	2.94117122700000	0
-1.00421058800000	-0.669334162000000	0
-1.00327888400000	0.0716507980000000	0
-1.00012418100000	2.12070942800000	0
-0.993820953000000	-0.204687079000000	0
-0.991966651000000	-1.09985603200000	0
-0.991938787000000	0.307914687000000	0
-0.991468899000000	0.997387164000000	0
-0.991413895000000	2.04229984000000	0
-0.989132859000000	3.02971514300000	0
-0.987835826000000	-0.138972954000000	0
-0.981585155000000	-0.606977904000000	0
-0.978759856000000	0.694105390000000	0
-0.972250816000000	0.343261539000000	0
-0.971159649000000	0.477112095000000	0
-0.970454966000000	0.601756607000000	0
-0.970076069000000	-2.00503509500000	0
-0.969560041000000	-0.301974028000000	0
-0.968470931000000	-1.03026481000000	0
-0.968461635000000	2.06990430400000	0
-0.968256615000000	1.99613027100000	0
-0.967778572000000	0.526834265000000	0
-0.964317908000000	0.102233214000000	0
-0.964300665000000	-0.824637300000000	0
-0.963206671000000	1.00403787300000	0
-0.962878173000000	-0.665766932000000	0
-0.962600853000000	0.942528810000000	0
-0.961907959000000	0.0737018370000000	0
-0.960773722000000	0.0764015200000000	0
-0.960470393000000	-2.01223072600000	0
-0.957510192000000	1.02990050100000	0
-0.957393739000000	-1.04174297300000	0
-0.956270689000000	0.704350966000000	0
-0.955571547000000	0.494814171000000	0
-0.955212045000000	0.432251705000000	0
-0.955182118000000	1.31768836100000	1
-0.952466825000000	-2.99452589100000	0
-0.951405017000000	-0.492281013000000	0
-0.949155222000000	-1.01077588500000	0
-0.947412995000000	-0.156915253000000	0
-0.942946478000000	-0.752194615000000	0
-0.936523540000000	-1.03310152600000	0
-0.936515200000000	-2.97909865800000	0
-0.931626932000000	0.644192774000000	0
-0.930098700000000	-2.05714628300000	0
-0.929922541000000	0.247589979000000	0
-0.925922993000000	0.957219197000000	0
-0.921670612000000	0.957057260000000	0
-0.914193409000000	1.99653574700000	0
-0.912764883000000	-1.89993413000000	0
-0.908364410000000	-2.03977660700000	0
-0.905712799000000	-1.04336697100000	0
-0.902608187000000	0.250692908000000	0
-0.895823639000000	-2.93393882400000	0
-0.888437055000000	-0.415463405000000	0
-0.886002837000000	2.95246208600000	0
-0.872818623000000	-0.948317703000000	0
-0.842435327000000	-0.981014060000000	0
-0.833891855000000	-2.99755587900000	0
-0.824879427000000	3.58202478700000	1
-0.819202735000000	2.99676232100000	0
-0.811975348000000	-1.96770799600000	0
-0.811190445000000	0.983597917000000	0
-0.803315405000000	-2.00740164300000	0
-0.803283802000000	2.00062989000000	0
-0.800776062000000	1.00108005400000	0
-0.791481929000000	0.944301129000000	0
-0.786510467000000	-3.00934591200000	0
-0.780988127000000	0.939969619000000	0
-0.758869287000000	2.04350262700000	0
-0.752587987000000	-1.96488021100000	0
-0.742936198000000	0.980661492000000	0
-0.734611845000000	-2.09181612900000	0
-0.733771998000000	-1.01215173900000	0
-0.728855928000000	-1.00460935400000	0
-0.713380698000000	1.02257095500000	0
-0.709925404000000	-1.06692388700000	0
-0.705775295000000	-0.979761874000000	0
-0.703321085000000	3.00195282300000	0
-0.701055883000000	1.96616773500000	0
-0.699511856000000	-2.96744505600000	0
-0.678514092000000	-2.91377449900000	0
-0.675773751000000	3.00947785400000	0
-0.671789309000000	1.98018671300000	0
-0.655692248000000	2.00360392900000	0
-0.649591497000000	-1.99482728600000	0
-0.646440796000000	-3.08304588900000	0
-0.645112647000000	-1.90246834900000	0
-0.637513136000000	-2.99513649700000	0
-0.636896373000000	1.96815198600000	0
-0.636627752000000	0.937557401000000	0
-0.633737207000000	2.97455620700000	0
-0.629008829000000	-1.02168195300000	0
-0.616305289000000	-1.98963398600000	0
-0.589298275000000	-2.01555390400000	0
-0.584635309000000	1.95076670000000	0
-0.578150913000000	-0.568436638000000	1
-0.572285299000000	-1.97011423300000	0
-0.570224564000000	3.05507165900000	0
-0.570186426000000	-1.97100483300000	0
-0.559938715000000	3.02230343500000	0
-0.548512933000000	0.999698177000000	0
-0.538912603000000	-2.02964403700000	0
-0.533778577000000	-0.994278432000000	0
-0.531971541000000	-0.989245096000000	0
-0.529878641000000	-3.00225528900000	0
-0.527515202000000	-3.01961307700000	0
-0.521051943000000	-1.96325123300000	0
-0.511979281000000	-2.93740878200000	0
-0.507549111000000	1.02338305100000	0
-0.506193760000000	-2.00435481200000	0
-0.500653811000000	-0.974615354000000	0
-0.499675888000000	-0.980977183000000	0
-0.471895825000000	-0.989906427000000	0
-0.464715697000000	1.98457224400000	0
-0.461499933000000	-1.05116171600000	0
-0.453619694000000	-2.95908762300000	0
-0.444113041000000	2.09518128000000	0
-0.440590060000000	-2.01203494400000	0
-0.424082937000000	-0.999258687000000	0
-0.418988190000000	0.987068192000000	0
-0.407782262000000	0.965798218000000	0
-0.404719958000000	-1.95385588900000	0
-0.404184384000000	1.01983148000000	0
-0.398977874000000	2.92189538300000	0
-0.376557585000000	-3.04406531200000	0
-0.373747119000000	2.01451098500000	0
-0.360689742000000	1.93788673000000	0
-0.355284136000000	2.95516425400000	0
-0.354104842000000	-1.05344192100000	0
-0.349986340000000	3.14940135100000	0
-0.348888083000000	-1.97603855700000	0
-0.337736666000000	-2.00899210400000	0
-0.336062932000000	-1.04738136100000	0
-0.334524696000000	-3.00600254500000	0
-0.330808023000000	2.96140741300000	0
-0.321344270000000	2.01292977300000	0
-0.321339541000000	1.98228874100000	0
-0.316597260000000	-0.995466996000000	0
-0.308684388000000	1.01993941800000	0
-0.304951498000000	2.94787495200000	0
-0.304065010000000	-2.04885776500000	0
-0.298300966000000	-0.945642597000000	0
-0.285633491000000	3.14200396700000	0
-0.282750294000000	3.10522468000000	0
-0.282106994000000	-0.962923355000000	0
-0.276117794000000	-2.05872199800000	0
-0.269269402000000	-0.969615880000000	0
-0.268844789000000	-3.02832590900000	0
-0.268758246000000	1.96729083200000	0
-0.268390085000000	-3.04303246400000	0
-0.266020078000000	3.09273465500000	0
-0.264603232000000	3.09871050300000	0
-0.250394483000000	2.02030887500000	0
-0.227625633000000	3.03770161600000	0
-0.225789305000000	-1.01688352400000	0
-0.223373313000000	2.03198280400000	0
-0.212022954000000	-2.98206381800000	0
-0.198978974000000	2.99416960000000	0
-0.198750786000000	-2.99578461700000	0
-0.184387252000000	2.99607991700000	0
-0.175396119000000	-0.961031765000000	0
-0.161623840000000	1.95426162700000	0
-0.155421350000000	1.96389313400000	0
-0.147562591000000	2.92570408500000	0
-0.146523418000000	-3.00856204900000	0
-0.145836581000000	-2.96385571600000	0
-0.145746913000000	2.02218997900000	0
-0.145707353000000	-3.13492493600000	0
-0.145093656000000	1.00377887900000	0
-0.134887756000000	-3.04166759300000	0
-0.134788759000000	-2.03953359600000	0
-0.134426869000000	-3.05569389500000	0
-0.123796978000000	-2.99884573600000	0
-0.111280838000000	2.02739948300000	0
-0.110806649000000	3.03704339900000	0
-0.109721160000000	3.00396467800000	0
-0.0989403190000000	1.02026414300000	0
-0.0960382570000000	-1.96615530600000	0
-0.0958082210000000	3.01180965500000	0
-0.0956257290000000	3.02656644400000	0
-0.0800079280000000	-2.95711533400000	0
-0.0749788880000000	1.05427601500000	0
-0.0567889210000000	2.95732649100000	0
-0.0545760320000000	-1.99332522200000	0
-0.0507823190000000	0.550236542000000	1
-0.0490536560000000	-0.958232878000000	0
-0.0397589710000000	3.06891251500000	0
-0.0348559440000000	0.932770397000000	0
-0.0333423690000000	1.09586265400000	0
-0.0321733610000000	2.02587490400000	0
-0.0174601320000000	-1.96910504400000	0
-0.0174436390000000	1.95398794100000	0
-0.0142505560000000	0.969982061000000	0
-0.0125044910000000	1.89934526800000	0
-0.00186507100000000	1.01941823200000	0
-0.000497479000000000	-0.989227302000000	0
0.000652935000000000	-3.00281753000000	0
0.00304947600000000	0.969710616000000	0
0.00925241600000000	-1.99915405800000	0
0.0109549920000000	2.03965192400000	0
0.0178798890000000	-2.95793440600000	0
0.0187856300000000	1.07090855800000	0
0.0204893210000000	-3.02097151700000	0
0.0271979440000000	0.978113649000000	0
0.0274968070000000	3.71468666400000	1
0.0305781490000000	2.95268036400000	0
0.0344799680000000	-1.00965831600000	0
0.0530312630000000	1.97850072500000	0
0.0609633410000000	3.04247769300000	0
0.0739421710000000	3.02266052600000	0
0.0741927860000000	1.00392345900000	0
0.0799332340000000	3.01662128800000	0
0.0870275430000000	-2.99224354300000	0
0.0892932980000000	1.98501362300000	0
0.0932731000000000	-1.99107975200000	0
0.0972150610000000	1.06982578800000	0
0.112057599000000	-3.00802240700000	0
0.114731553000000	3.06455388500000	0
0.120190519000000	2.99271464700000	0
0.135210408000000	-0.971545151000000	0
0.148466896000000	1.98622781300000	0
0.148765467000000	-2.99190374800000	0
0.158790492000000	0.928923468000000	0
0.170717998000000	-3.11899379700000	0
0.174880013000000	-1.52054140700000	1
0.175609438000000	-2.94981130300000	0
0.178108423000000	3.03478056600000	0
0.178591807000000	0.996925058000000	0
0.195695835000000	-2.92812324200000	0
0.198581804000000	2.88822910100000	0
0.222224759000000	0.971402117000000	0
0.224216183000000	0.957161465000000	0
0.224822885000000	-2.02987008700000	0
0.225536177000000	-1.08448196000000	0
0.243818265000000	-1.95409471300000	0
0.244476194000000	-0.945835831000000	0
0.249047596000000	-0.976123532000000	0
0.251924850000000	-0.997899209000000	0
0.254303111000000	1.88847172400000	0
0.260160166000000	-1.93187773800000	0
0.264127051000000	1.07060506200000	0
0.278488810000000	-0.990977794000000	0
0.283249353000000	2.05480626800000	0
0.293818204000000	1.94759814300000	0
0.296076483000000	0.945730591000000	0
0.296498671000000	2.92426165100000	0
0.300055868000000	2.07882740100000	0
0.310451060000000	3.01273645600000	0
0.313042793000000	-3.24143390200000	1
0.315609637000000	-2.96638174900000	0
0.316118772000000	0.892038841000000	0
0.316477734000000	2.03399801900000	0
0.321317213000000	0.942761166000000	0
0.321366328000000	-0.940485794000000	0
0.324592644000000	3.64805525000000	1
0.327641303000000	1.99800651400000	0
0.336123867000000	2.97907310800000	0
0.350135393000000	2.98099237600000	0
0.372505962000000	-2.97792022100000	0
0.372911536000000	-1.96226596500000	0
0.378830011000000	-2.91918742300000	0
0.382063766000000	2.97002637600000	0
0.382198522000000	-2.89343772500000	0
0.385854670000000	-2.01875901900000	0
0.402488092000000	3.03754858800000	0
0.407475456000000	-3.00303480000000	0
0.414389702000000	2.04006650200000	0
0.428839728000000	-2.13888817000000	0
0.429147874000000	-0.993044042000000	0
0.438332235000000	2.03341762700000	0
0.458399219000000	2.01118264900000	0
0.459242927000000	0.383080062000000	1
0.470277962000000	-1.08280245300000	0
0.470564880000000	-2.99402639100000	0
0.480716948000000	-1.04628075100000	0
0.502638115000000	0.982528563000000	0
0.505491319000000	1.03160443200000	0
0.513127905000000	-2.93510223600000	0
0.513729136000000	2.95421083100000	0
0.514218827000000	3.02188828200000	0
0.558857408000000	2.07807997500000	0
0.561174712000000	0.987943489000000	0
0.564948699000000	-0.954016993000000	0
0.582374385000000	-1.99136443300000	0
0.583466756000000	1.97468703300000	0
0.586573499000000	-3.02738983100000	0
0.595136933000000	2.95937993500000	0
0.632901035000000	-2.96825162300000	0
0.634378575000000	1.92850886300000	0
0.638493648000000	3.02334557100000	0
0.644677717000000	1.96529545600000	0
0.648053044000000	-1.98784411700000	0
0.651489181000000	1.93329946900000	0
0.653326741000000	3.02912369300000	0
0.654607096000000	0.925655151000000	0
0.662751989000000	-1.03402379100000	0
0.663731912000000	-3.06341662100000	0
0.669694522000000	2.94364837200000	0
0.672480121000000	-0.996675231000000	0
0.677385170000000	1.06722968600000	0
0.679996469000000	2.02701058300000	0
0.686269397000000	-0.501043549000000	1
0.699330387000000	-1.06999145500000	0
0.700403804000000	-3.01781865600000	0
0.705839589000000	-1.96773218800000	0
0.711193516000000	3.02305547300000	0
0.717229382000000	0.939431604000000	0
0.719194050000000	3.01528267600000	0
0.721479040000000	0.945830020000000	0
0.722992089000000	-2.92903611900000	0
0.728937177000000	-0.947971369000000	0
0.729552195000000	-2.99310436000000	0
0.731740341000000	-2.96149141500000	0
0.734725398000000	3.08076312700000	0
0.740310066000000	2.00470827500000	0
0.744201835000000	3.03210726900000	0
0.745328309000000	1.99393585400000	0
0.759110119000000	3.00267315100000	0
0.771157818000000	2.99778358700000	0
0.777853426000000	-1.83573878800000	0
0.780999143000000	2.99061041000000	0
0.784841293000000	-2.04413786400000	0
0.785206181000000	3.03317182400000	0
0.786622989000000	2.98567573900000	0
0.793392222000000	0.923465045000000	0
0.815052171000000	2.03325737000000	0
0.824553339000000	1.07855935300000	0
0.824935414000000	-2.10098907900000	0
0.831672217000000	3.00245152500000	0
0.837065582000000	-3.01527848700000	0
0.841947448000000	-2.02476038100000	0
0.845967965000000	-3.01542728600000	0
0.846661515000000	2.03708266200000	0
0.859770876000000	2.94429230200000	0
0.868050272000000	-1.94665661400000	0
0.876971573000000	-0.946273699000000	0
0.888348351000000	3.10525779200000	0
0.893132793000000	1.07021337300000	0
0.896664628000000	-2.05312819100000	0
0.899170808000000	0.972699842000000	0
0.908286575000000	-1.90492836000000	0
0.917822322000000	-0.219836598000000	0
0.923165057000000	0.979300240000000	0
0.926650673000000	1.10207560000000	0
0.929445420000000	0.528853455000000	0
0.930075277000000	-0.325189918000000	0
0.930788349000000	0.768522578000000	0
0.934524384000000	0.703158189000000	0
0.935493762000000	0.399757155000000	0
0.937927382000000	2.03913276100000	0
0.939164712000000	-0.893429458000000	0
0.950015165000000	0.708630458000000	0
0.950267396000000	-2.08100068700000	0
0.954107175000000	-0.656800764000000	0
0.955172223000000	0.967369614000000	0
0.960669982000000	0.973788902000000	0
0.964057222000000	-3.02933236500000	0
0.965637418000000	-0.972761008000000	0
0.965684083000000	0.761099426000000	0
0.966691241000000	-0.447235402000000	0
0.970238398000000	1.94134183800000	0
0.970299825000000	-0.141586044000000	0
0.971237105000000	0.658805971000000	0
0.971946602000000	-0.546680608000000	0
0.973502635000000	-0.211621094000000	0
0.977501556000000	0.0729280330000000	0
0.977699071000000	-0.245936092000000	0
0.978297672000000	0.361175346000000	0
0.985524485000000	0.537818042000000	0
0.986933890000000	0.231689269000000	0
0.987833478000000	0.105467703000000	0
0.988406972000000	-0.990981407000000	0
0.989402285000000	-0.00472491000000000	0
0.991148045000000	-0.916048010000000	0
0.991731163000000	0.490391343000000	0
0.992483290000000	-3.01460681600000	0
0.995695906000000	0.476816569000000	0
0.995961029000000	0.289313690000000	0
0.997300382000000	-3.02927636700000	0
0.998997364000000	0.705305681000000	0
0.999544315000000	-0.212006698000000	0
1.00425638800000	0.332681886000000	0
1.00474894000000	-2.97794002300000	0
1.00480381900000	-0.420612227000000	0
1.01121478700000	0.998652901000000	0
1.01163931900000	-0.766146609000000	0
1.01329266400000	-0.710144177000000	0
1.01349793400000	3.02715252800000	0
1.01492977800000	1.93901317700000	0
1.01700102800000	0.0179399570000000	0
1.01796622400000	-0.0196481010000000	0
1.02265301300000	0.573379451000000	0
1.02288290900000	-0.630026504000000	0
1.02406541400000	-2.13390717800000	0
1.02452918400000	0.0583860890000000	0
1.02851264200000	0.255872348000000	0
1.02932689900000	0.874314359000000	0
1.03505330400000	-0.257111676000000	0
1.04212402500000	3.02124008600000	0
1.04315474200000	0.839410821000000	0
1.05007291600000	-0.297506501000000	0
1.05101879600000	0.793280939000000	0
1.05196336500000	-0.592287949000000	0
1.05519208100000	-2.52425929500000	1
1.06703058800000	0.317563818000000	0
1.06822187700000	2.01244137700000	0
1.07048478400000	1.95276979800000	0
1.07356072300000	0.948968092000000	0
1.07436493800000	-0.832118950000000	0
1.08392829900000	-0.392082385000000	0
1.08958935700000	-1.98585062600000	0
1.09639897900000	0.114379732000000	0
1.11721580500000	2.98038786400000	0
1.11908785200000	-1.97901763600000	0
1.12823963200000	3.00651397300000	0
1.13790915200000	-0.476089899000000	0
1.14446639500000	2.00705326900000	0
1.15049409800000	2.02831785600000	0
1.15912811800000	2.03190550600000	0
1.17991514900000	-2.10544632700000	0
1.18230748500000	-2.91412576300000	0
1.18440012400000	2.08027552300000	0
1.21240682100000	-2.01574845000000	0
1.23168602000000	3.04638556500000	0
1.23710385900000	2.98057305500000	0
1.23840998000000	-2.03228502000000	0
1.24517834200000	2.93135503700000	0
1.25367277200000	-1.94614016800000	0
1.26669014300000	-2.09428602000000	0
1.28288438200000	3.06431571100000	0
1.29134193100000	-3.00997832300000	0
1.29419191200000	1.97023511800000	0
1.33044650500000	-1.95593239300000	0
1.33719714600000	-3.02146680600000	0
1.34451271100000	-2.95898271900000	0
1.34699961900000	-1.91762736500000	0
1.36167553500000	3.01581627000000	0
1.36996043400000	3.03707522000000	0
1.37409019400000	-1.99821887300000	0
1.40040598800000	2.03802449400000	0
1.40164708100000	2.01508860700000	0
1.40469003300000	3.03322632200000	0
1.40594854900000	-1.93206691100000	0
1.41456839200000	3.03527986400000	0
1.41681506200000	2.00465490100000	0
1.42981697700000	-2.99974309300000	0
1.44883357000000	-1.99479488900000	0
1.49546076100000	-2.99999628800000	0
1.51457339300000	-1.96096673900000	0
1.51994502600000	2.93152670600000	0
1.52436622000000	-2.97206598900000	0
1.53575068400000	-1.92130265800000	0
1.54208174200000	-2.02039010200000	0
1.55222994500000	-0.925823988000000	1
1.56477232300000	-3.05655698800000	0
1.57828419300000	-0.457174484000000	1
1.58496251300000	3.87124710700000	1
1.58830010900000	-2.99168090800000	0
1.58950575500000	-2.03916439900000	0
1.62132153300000	3.04572576000000	0
1.62474587300000	1.96150675400000	0
1.62575183900000	1.97803595400000	0
1.64987307900000	-2.08716149300000	0
1.69686628500000	-2.98454242600000	0
1.69848537800000	2.99226765900000	0
1.69911780200000	-1.89899317100000	0
1.71962140700000	-3.00722029300000	0
1.72285208600000	2.96082791000000	0
1.76013883300000	3.04062732400000	0
1.76064131800000	2.00938094800000	0
1.76261618700000	-2.00012523800000	0
1.79915242400000	2.97374870700000	0
1.79978893700000	-1.94056244700000	0
1.80654804500000	-1.92890428500000	0
1.80952606000000	-3.55594982200000	1
1.81570532700000	2.97657401700000	0
1.84522522000000	-1.94038025900000	0
1.86178052900000	2.92313917400000	0
1.87727153000000	0.118036641000000	0
1.88432146500000	-1.99021409300000	0
1.88593199600000	1.91565213800000	0
1.89236944300000	0.829636578000000	0
1.89418316600000	3.01738409200000	0
1.90158589900000	-2.98498971400000	0
1.90261615500000	-0.0998237270000000	0
1.91389966600000	0.797166673000000	0
1.92165368500000	1.06350881800000	0
1.92328979000000	1.91381979800000	0
1.92400584100000	-0.651040851000000	0
1.93035002600000	-2.06690955600000	0
1.93327118900000	0.208965891000000	0
1.93378419600000	1.34897800100000	0
1.93829050000000	0.0813995560000000	0
1.94334904500000	-1.70931548000000	0
1.94344244800000	1.55327149800000	0
1.94525954100000	-1.77929017800000	0
1.94535156400000	1.51325385000000	0
1.95262883500000	1.54191971000000	0
1.95295788300000	0.773452743000000	0
1.95388017400000	1.70208166800000	0
1.95467474300000	2.01748182700000	0
1.95675209300000	1.53120619500000	0
1.95822853000000	-2.30601241300000	1
1.96263753500000	1.97007441700000	0
1.96368588400000	1.05718399500000	0
1.96539087100000	-1.52371961000000	0
1.96732891100000	1.47332285800000	0
1.96789223000000	-0.193251424000000	0
1.96867687500000	-0.0412264020000000	0
1.97175701200000	1.58387926600000	0
1.97572405200000	0.514243457000000	0
1.97642423800000	0.975217273000000	0
1.97732472600000	1.56130709400000	0
1.97853871600000	-1.85904491100000	0
1.98028372300000	1.91789910000000	0
1.98035513900000	-0.941528303000000	0
1.98152665800000	0.0406520370000000	0
1.98153032100000	0.230628287000000	0
1.98155915400000	0.405967467000000	0
1.98156664000000	1.91715625200000	0
1.98336132800000	1.24117956800000	0
1.98507006600000	-0.247842979000000	0
1.98558311900000	0.470055863000000	0
1.98630642200000	1.94199909400000	0
1.98665284000000	0.771562840000000	0
1.98704899400000	-1.98694252100000	0
1.98774096500000	1.86741221100000	0
1.98911937300000	-1.75897437600000	0
1.98937529400000	2.02852845400000	0
1.98960946800000	0.803736105000000	0
1.99227690100000	-0.564946679000000	0
1.99294531300000	1.95377899700000	0
1.99311165200000	-0.128698687000000	0
1.99330835200000	0.315538465000000	0
1.99360828400000	-1.21836864100000	0
1.99398032600000	-0.203124443000000	0
1.99399361000000	1.93041528700000	0
1.99445061200000	3.04649310300000	0
1.99518438800000	0.334703031000000	0
1.99730395600000	-0.492441331000000	0
1.99782269400000	-3.06145334300000	0
1.99965922600000	-0.922495502000000	0
2.00052130700000	-1.38669333800000	0
2.00213158900000	0.988271075000000	0
2.00259555400000	-1.17062188400000	0
2.00317598900000	-1.66625618100000	0
2.00450531900000	1.23622698700000	0
2.00589169000000	0.743391426000000	0
2.00752476100000	-0.215410247000000	0
2.00793131900000	1.98160796300000	0
2.01205040700000	-0.945962287000000	0
2.01366537700000	-1.17035677300000	0
2.01386681300000	-0.606603859000000	0
2.01396884200000	-1.55260245400000	0
2.01408227800000	-0.499199740000000	0
2.01634725900000	0.948102835000000	0
2.01762713500000	-1.61543688600000	0
2.01919948400000	-0.376345351000000	0
2.01956872600000	-0.733164088000000	0
2.01957050700000	-2.98918708700000	0
2.02099146800000	-0.488304620000000	0
2.02340347000000	-0.186992886000000	0
2.02435161000000	3.01143080900000	0
2.02505373600000	0.613195609000000	0
2.02709612500000	1.50209605200000	0
2.02807105200000	1.11962215400000	0
2.02834199100000	1.01247192700000	0
2.03490155000000	1.85402305100000	0
2.03538792100000	3.05900184000000	0
2.03612535900000	0.514555323000000	0
2.03900077100000	-1.18720571100000	0
2.03921968400000	1.21435412300000	0
2.04075731700000	-0.737026291000000	0
2.04199580800000	0.909133393000000	0
2.04521704900000	-3.01346572500000	0
2.04590661400000	0.379168615000000	0
2.04659984000000	-0.724840344000000	0
2.04694940700000	1.91516203200000	0
2.04756090800000	1.63646820600000	0
2.04935585500000	-0.677230068000000	0
2.05190057200000	-0.400690662000000	0
2.05277643200000	-0.117063860000000	0
2.05294666300000	-0.910064092000000	0
2.05481778600000	-2.93863295000000	0
2.05566111500000	-0.296155048000000	0
2.06001023600000	0.493658761000000	0
2.06270279600000	0.313711791000000	0
2.06347351600000	0.891662485000000	0
2.06647044400000	0.105015120000000	0
2.06682475600000	-2.94153431100000	0
2.06802875400000	-0.179701212000000	0
2.06902554000000	1.25191371100000	0
2.07182557400000	-1.28697679300000	0
2.07204574700000	0.0499773390000000	0
2.07264463300000	-1.78467878100000	0
2.08330548200000	1.56075192600000	0
2.08543319400000	-1.56385027700000	0
2.09682681600000	-2.92485433700000	0
2.11012102400000	0.513092700000000	0
2.12152360600000	-0.482229089000000	0
2.16087556700000	-3.02847144900000	0
2.17281174200000	2.98865474900000	0
2.18409431600000	-2.98899921300000	0
2.19075376200000	-2.91573872100000	0
2.21074488900000	-3.07921974500000	0
2.23706545400000	-2.99563542400000	0
2.26544619600000	-2.99152842300000	0
2.27221220500000	-2.98581019800000	0
2.28448671900000	2.92966151300000	0
2.29079481100000	-2.99148566100000	0
2.32950190900000	2.97314477000000	0
2.34124624300000	-2.91718247900000	0
2.34544697100000	3.02252139300000	0
2.34949845700000	2.99453751800000	0
2.36213189800000	-3.10221800000000	0
2.39444281600000	3.07374843400000	0
2.40350423800000	2.91110483700000	0
2.40706802500000	-3.03225312600000	0
2.40811960400000	0.689957701000000	1
2.41297048600000	-2.94338040700000	0
2.41379305000000	2.96353018300000	0
2.45409602200000	-3.04674516600000	0
2.45944660900000	-3.04114454500000	0
2.46953625700000	-3.00632766700000	0
2.47334039800000	2.96426098800000	0
2.50837012000000	2.96859957100000	0
2.51227820700000	-3.57233488000000	1
2.51598363200000	2.85834851100000	0
2.54926812500000	-3.01529133500000	0
2.55595963700000	3.00691073500000	0
2.59952654400000	-3.06907052100000	0
2.61753081700000	-2.23877172200000	1
2.72131758100000	2.95031958000000	0
2.76396760300000	-2.98040278600000	0
2.76491709900000	-3.04309058200000	0
2.80393862600000	-3.00226775200000	0
2.82067803200000	3.02189355400000	0
2.82781276500000	-2.88071865900000	0
2.85192818100000	-3.01765279500000	0
2.85757171900000	2.09481142600000	0
2.86026440900000	1.50573179900000	0
2.86241210200000	-3.03241840200000	0
2.86273048200000	2.84819768700000	0
2.86700788500000	3.01460286700000	0
2.87231322600000	2.47485309800000	0
2.87574228100000	1.27895257000000	0
2.87711643500000	-3.05526162900000	0
2.89739268600000	-2.96929225000000	0
2.90139165800000	3.12503636100000	0
2.90207687700000	0.860645798000000	0
2.91227666500000	-2.85432899800000	0
2.91746112700000	1.72909527300000	0
2.91817080700000	-0.570196589000000	0
2.91855244000000	0.0594380020000000	0
2.92241817200000	-3.02047613900000	0
2.92441241200000	-2.04330448500000	0
2.92494352000000	1.23947916500000	0
2.92507932600000	-0.161681604000000	0
2.92601056200000	0.113261801000000	0
2.92726270600000	-2.65475851000000	0
2.93149135800000	-2.22801116500000	0
2.93421045300000	-1.39109477700000	0
2.93497434000000	0.353886503000000	0
2.93576758500000	2.04717894100000	0
2.93990460400000	-2.98826588300000	0
2.94282523800000	-0.587336813000000	0
2.94394899300000	-2.83237095000000	0
2.94466638800000	-0.0242161080000000	0
2.94627677900000	2.10986062100000	0
2.94744426200000	0.818876324000000	0
2.95114647400000	-2.67551003000000	0
2.95153507000000	-3.00523118000000	0
2.95565118300000	-0.717238377000000	0
2.95805696500000	-1.39169376800000	0
2.95893128100000	1.48807383700000	0
2.96123209300000	2.29817324900000	0
2.96305526800000	1.74969075200000	0
2.96451847400000	-2.46136038900000	0
2.96511745500000	-1.67346862300000	0
2.96572727600000	-2.03818414900000	0
2.96627827300000	-0.478978516000000	0
2.96724272500000	-2.98839031800000	0
2.96846255800000	3.20855908500000	0
2.96866946500000	0.766781742000000	0
2.96923152500000	2.80187246300000	0
2.96945232700000	-2.45830390600000	0
2.96956605300000	-2.99963792800000	0
2.97108433400000	0.599902189000000	0
2.97135343200000	1.41500179200000	0
2.97192210900000	2.32605028900000	0
2.97344682300000	0.723825225000000	0
2.97349739600000	2.05513047400000	0
2.97445478400000	-3.00437493700000	0
2.97471756900000	0.708621416000000	0
2.97490994200000	-2.18419526900000	0
2.97614791200000	-0.817804301000000	0
2.97622750400000	-1.72789733000000	0
2.97861243800000	-1.40140454300000	0
2.98047716000000	0.807741622000000	0
2.98139459600000	-1.38931809600000	0
2.98147023100000	-1.25932152700000	0
2.98213351400000	-2.97182897900000	0
2.98239008900000	1.97003019700000	0
2.98241146300000	-0.782926732000000	0
2.98495884100000	-2.47767427700000	0
2.98586883500000	-0.954297893000000	0
2.98663202100000	-0.182248260000000	0
2.98704505000000	0.747432729000000	0
2.98764256800000	2.11721350200000	0
2.98911300700000	0.569105120000000	0
2.98959447800000	-0.921138721000000	0
2.99193875900000	-1.25205137800000	0
2.99219039200000	0.711741074000000	0
2.99411254300000	-2.13057029500000	0
2.99431318800000	-0.223533159000000	0
2.99452379400000	-2.94778738700000	0
2.99618894400000	0.0796885570000000	0
2.99643340100000	-0.475363618000000	0
2.99658465600000	0.915122348000000	0
2.99672643100000	-0.701769539000000	0
2.99723481100000	-1.48952893500000	0
2.99784927300000	1.14655323600000	0
2.99888865700000	0.842842201000000	0
2.99923578500000	1.97489089500000	0
2.99945544500000	0.901143076000000	0
2.99955863100000	-1.93478865200000	0
3.00144096700000	0.241084864000000	0
3.00226601300000	2.78018517900000	0
3.00278798500000	-1.90685841000000	0
3.00366894800000	0.353319575000000	0
3.00438130300000	0.336182293000000	0
3.00535132500000	-2.56840461300000	0
3.00589561800000	-2.82439088900000	0
3.00620632600000	-0.706922175000000	0
3.00677673300000	1.79218433400000	0
3.00693326800000	-1.41509729300000	0
3.00792994600000	-1.88216663300000	0
3.00880662600000	1.12085121100000	0
3.01048164800000	-2.93469004100000	0
3.01096330800000	-0.719749825000000	0
3.01233655400000	-2.50376257400000	0
3.01321192800000	-0.757583892000000	0
3.01352734300000	1.98141839900000	0
3.01602793100000	-2.10099577100000	0
3.01610264900000	0.732584128000000	0
3.01797815800000	-1.92185723700000	0
3.01803961800000	2.85269530800000	0
3.01881424900000	1.76834914200000	0
3.01964336600000	1.96827800200000	0
3.01971294400000	-2.07048422000000	0
3.02136041300000	1.03571270300000	0
3.02274406600000	-2.61857644600000	0
3.02357123600000	-1.57884612100000	0
3.02439314700000	0.450926263000000	0
3.02440357400000	-0.617907068000000	0
3.02442500000000	1.56991848900000	0
3.02654776500000	2.80393393200000	0
3.02696343100000	2.38987600800000	0
3.02834759600000	0.530390336000000	0
3.02918728600000	-1.46228048200000	0
3.03312007100000	0.906475070000000	0
3.03355331200000	-2.95932129500000	0
3.03785673000000	-0.695222793000000	0
3.03815000700000	0.946857156000000	0
3.03833277000000	2.72300061500000	0
3.03949116400000	0.339267737000000	0
3.03974758700000	2.58246261700000	0
3.04163406700000	-2.12297662300000	0
3.04221463900000	-2.27039314100000	0
3.04278384700000	2.05349156100000	0
3.04282702500000	2.43109168200000	0
3.04374606900000	1.97073429500000	0
3.04603396100000	0.807744009000000	0
3.04604211700000	1.35530410900000	0
3.04669152300000	0.0347970600000000	0
3.04933941000000	1.20312765900000	0
3.04980512800000	-2.94740634000000	0
3.05140736500000	1.51001612700000	0
3.05401322300000	-0.586653696000000	0
3.05512063900000	2.36505571400000	0
3.05512492100000	2.25314630200000	0
3.05610707700000	2.96432754100000	0
3.05857655100000	-1.27850160400000	0
3.05959187300000	-1.11520036900000	0
3.06258973400000	0.598236092000000	0
3.06357570600000	-2.88310030200000	0
3.06631871500000	-1.12998854600000	0
3.07263005500000	1.59624371700000	0
3.07424892300000	1.72427437600000	0
3.08322206400000	1.55617988300000	0
3.08335720500000	2.62777960800000	0
3.08701841100000	-1.26761247600000	0
3.09050103300000	-1.68874659300000	0
3.09268779700000	-0.396880947000000	0
3.09497802900000	-2.44841187300000	0
3.09506851600000	0.844921752000000	0
3.09602375900000	-0.541474908000000	0
3.09730303400000	-1.78478183200000	0
3.09817283900000	-1.45087907900000	0
3.11677916800000	-0.513298365000000	0
3.14944722400000	-1.08583891200000	0
3.27237312500000	-2.64102230800000	1
3.41557039500000	-2.72880438000000	1
3.44337893600000	-0.582723962000000	1
3.54866459800000	3.42887511500000	1
3.78658645400000	1.77840956100000	1
3.94491540600000	0.386692539000000	1
